    2    5    3
  63.546   1.000
    5    1  0.1000  0.0000  0.0000
  0.001297   0.000000   0.000029
  0.000093   0.000000  -0.000001
 -0.005742   0.000002  -0.000000
 -0.114534  -0.000001  -0.000027
  0.118888  -0.000001  -0.000001
    5    2  0.0000  0.1000  0.0000
  0.000000   0.001272   0.000400
  0.000000   0.000047   0.000444
  0.000000  -0.005814   0.000028
 -0.000000  -0.114229  -0.001106
 -0.000000   0.118723   0.000235
    5    3  0.0000  0.0000  0.1000
  0.000000   0.000000   0.001003
  0.000000   0.000000   0.006009
  0.000000   0.000000   0.034003
 -0.000000  -0.000000   1.262099
  0.000000   0.000000  -1.303114
