    2    5    3
  63.546   1.000
    5    1  0.1000  0.0000  0.0000
  0.000408  -0.000000   0.000024
  0.000536  -0.000000  -0.000020
  0.004516   0.000002   0.000027
  1.122018  -0.000001  -0.000040
 -1.127478  -0.000001   0.000009
    5    2  0.0000  0.1000  0.0000
  0.000000   0.000653   0.000738
  0.000000  -0.000180   0.000526
  0.000000  -0.002222   0.000575
 -0.000000  -0.260500   0.001186
  0.000000   0.262250  -0.003025
    5    3  0.0000  0.0000  0.1000
 -0.000000   0.001526  -0.002281
 -0.000000   0.001619  -0.001477
  0.000000  -0.008236   0.057821
  0.000000   0.008713   0.542823
 -0.000000  -0.003621  -0.596887
