  PAW Pd                                 
 100
Core Pot   L  =         .00000   -.32343
  -.40000000E+01  .17444063E+01
  -.39400000E+01  .17258338E+01
  -.38800000E+01  .17071823E+01
  -.38200000E+01  .16884440E+01
  -.37600000E+01  .16696117E+01
  -.37000000E+01  .16506782E+01
  -.36400000E+01  .16316367E+01
  -.35800000E+01  .16124803E+01
  -.35200000E+01  .15932026E+01
  -.34600000E+01  .15737971E+01
  -.34000000E+01  .15542573E+01
  -.33400000E+01  .15345770E+01
  -.32800000E+01  .15147497E+01
  -.32200000E+01  .14947691E+01
  -.31600000E+01  .14746289E+01
  -.31000000E+01  .14543228E+01
  -.30400000E+01  .14338443E+01
  -.29800000E+01  .14131869E+01
  -.29200000E+01  .13923440E+01
  -.28600000E+01  .13713089E+01
  -.28000000E+01  .13500749E+01
  -.27400000E+01  .13286348E+01
  -.26800000E+01  .13069817E+01
  -.26200000E+01  .12851081E+01
  -.25600000E+01  .12630067E+01
  -.25000000E+01  .12406698E+01
  -.24400000E+01  .12180893E+01
  -.23800000E+01  .11952572E+01
  -.23200000E+01  .11721651E+01
  -.22600000E+01  .11488042E+01
  -.22000000E+01  .11251654E+01
  -.21400000E+01  .11012396E+01
  -.20800000E+01  .10770169E+01
  -.20200000E+01  .10524874E+01
  -.19600000E+01  .10276406E+01
  -.19000000E+01  .10024656E+01
  -.18400000E+01  .97695119E+00
  -.17800000E+01  .95108551E+00
  -.17200000E+01  .92485629E+00
  -.16600000E+01  .89825070E+00
  -.16000000E+01  .87125534E+00
  -.15400000E+01  .84385619E+00
  -.14800000E+01  .81603857E+00
  -.14200000E+01  .78778713E+00
  -.13600000E+01  .75908574E+00
  -.13000000E+01  .72991753E+00
  -.12400000E+01  .70026473E+00
  -.11800000E+01  .67010870E+00
  -.11200000E+01  .63942983E+00
  -.10600000E+01  .60820748E+00
  -.10000000E+01  .57641989E+00
  -.94000000E+00  .54404413E+00
  -.88000000E+00  .51105601E+00
  -.82000000E+00  .47742995E+00
  -.76000000E+00  .44313894E+00
  -.70000000E+00  .40815437E+00
  -.64000000E+00  .37244597E+00
  -.58000000E+00  .33598161E+00
  -.52000000E+00  .29872724E+00
  -.46000000E+00  .26064664E+00
  -.40000000E+00  .22170136E+00
  -.34000000E+00  .18185041E+00
  -.28000000E+00  .14105015E+00
  -.22000000E+00  .99254033E-01
  -.16000000E+00  .56412326E-01
  -.10000000E+00  .12471869E-01
  -.40000000E-01 -.32624244E-01
   .20000000E-01 -.78937004E-01
   .80000000E-01 -.12653187E+00
   .14000000E+00 -.17547918E+00
   .20000000E+00 -.22585461E+00
   .26000000E+00 -.27773974E+00
   .32000000E+00 -.33122258E+00
   .38000000E+00 -.38639827E+00
   .44000000E+00 -.44336979E+00
   .50000000E+00 -.50224882E+00
   .56000000E+00 -.56315666E+00
   .62000000E+00 -.62622530E+00
   .68000000E+00 -.69159863E+00
   .74000000E+00 -.75943382E+00
   .80000000E+00 -.82990289E+00
   .86000000E+00 -.90319453E+00
   .92000000E+00 -.97951613E+00
   .98000000E+00 -.10590962E+01
   .10400000E+01 -.11421873E+01
   .11000000E+01 -.12290687E+01
   .11600000E+01 -.13200509E+01
   .12200000E+01 -.14154794E+01
   .12800000E+01 -.15157402E+01
   .13400000E+01 -.16212657E+01
   .14000000E+01 -.17325420E+01
   .14600000E+01 -.18501175E+01
   .15200000E+01 -.19746131E+01
   .15800000E+01 -.21067349E+01
   .16400000E+01 -.22472892E+01
   .17000000E+01 -.23972006E+01
   .17600000E+01 -.25575353E+01
   .18200000E+01 -.27295286E+01
   .18800000E+01 -.29146199E+01
   .19400000E+01 -.31144972E+01
   .20000000E+01 -.33311531E+01
Potential  L  =         .00000   -.32343
  -.40000000E+01  .17378177E+01
  -.39400000E+01  .17211209E+01
  -.38800000E+01  .17042810E+01
  -.38200000E+01  .16872946E+01
  -.37600000E+01  .16701581E+01
  -.37000000E+01  .16528680E+01
  -.36400000E+01  .16354205E+01
  -.35800000E+01  .16178116E+01
  -.35200000E+01  .16000372E+01
  -.34600000E+01  .15820932E+01
  -.34000000E+01  .15639750E+01
  -.33400000E+01  .15456782E+01
  -.32800000E+01  .15271979E+01
  -.32200000E+01  .15085292E+01
  -.31600000E+01  .14896669E+01
  -.31000000E+01  .14706055E+01
  -.30400000E+01  .14513395E+01
  -.29800000E+01  .14318630E+01
  -.29200000E+01  .14121698E+01
  -.28600000E+01  .13922535E+01
  -.28000000E+01  .13721075E+01
  -.27400000E+01  .13517246E+01
  -.26800000E+01  .13310975E+01
  -.26200000E+01  .13102185E+01
  -.25600000E+01  .12890797E+01
  -.25000000E+01  .12676724E+01
  -.24400000E+01  .12459878E+01
  -.23800000E+01  .12240167E+01
  -.23200000E+01  .12017491E+01
  -.22600000E+01  .11791747E+01
  -.22000000E+01  .11562828E+01
  -.21400000E+01  .11330618E+01
  -.20800000E+01  .11094996E+01
  -.20200000E+01  .10855836E+01
  -.19600000E+01  .10613003E+01
  -.19000000E+01  .10366354E+01
  -.18400000E+01  .10115739E+01
  -.17800000E+01  .98609991E+00
  -.17200000E+01  .96019644E+00
  -.16600000E+01  .93384559E+00
  -.16000000E+01  .90702829E+00
  -.15400000E+01  .87972428E+00
  -.14800000E+01  .85191198E+00
  -.14200000E+01  .82356840E+00
  -.13600000E+01  .79466899E+00
  -.13000000E+01  .76518753E+00
  -.12400000E+01  .73509597E+00
  -.11800000E+01  .70436428E+00
  -.11200000E+01  .67296024E+00
  -.10600000E+01  .64084923E+00
  -.10000000E+01  .60799405E+00
  -.94000000E+00  .57435459E+00
  -.88000000E+00  .53988761E+00
  -.82000000E+00  .50454638E+00
  -.76000000E+00  .46828030E+00
  -.70000000E+00  .43103452E+00
  -.64000000E+00  .39274953E+00
  -.58000000E+00  .35336043E+00
  -.52000000E+00  .31279656E+00
  -.46000000E+00  .27098068E+00
  -.40000000E+00  .22782822E+00
  -.34000000E+00  .18324638E+00
  -.28000000E+00  .13713307E+00
  -.22000000E+00  .89375720E-01
  -.16000000E+00  .39849871E-01
  -.10000000E+00 -.11582440E-01
  -.40000000E-01 -.65074591E-01
   .20000000E-01 -.12079762E+00
   .80000000E-01 -.17894283E+00
   .14000000E+00 -.23972498E+00
   .20000000E+00 -.30338595E+00
   .26000000E+00 -.37019921E+00
   .32000000E+00 -.44047524E+00
   .38000000E+00 -.51456798E+00
   .44000000E+00 -.59288282E+00
   .50000000E+00 -.67588628E+00
   .56000000E+00 -.76411813E+00
   .62000000E+00 -.85820635E+00
   .68000000E+00 -.95888601E+00
   .74000000E+00 -.10670232E+01
   .80000000E+00 -.11836458E+01
   .86000000E+00 -.13099830E+01
   .92000000E+00 -.14475172E+01
   .98000000E+00 -.15980535E+01
   .10400000E+01 -.17638120E+01
   .11000000E+01 -.19475549E+01
   .11600000E+01 -.21527629E+01
   .12200000E+01 -.23838857E+01
   .12800000E+01 -.26467039E+01
   .13400000E+01 -.29488686E+01
   .14000000E+01 -.33007237E+01
   .14600000E+01 -.37166069E+01
   .15200000E+01 -.42169827E+01
   .15800000E+01 -.48321090E+01
   .16400000E+01 -.56086922E+01
   .17000000E+01 -.66228252E+01
   .17600000E+01 -.80074156E+01
   .18200000E+01 -.10017387E+02
   .18800000E+01 -.13211416E+02
   .19400000E+01 -.19096338E+02
   .20000000E+01 -.33621021E+02
Core Pot   L  =        1.00000  -3.99948
  -.40000000E+01 -.18283678E+01
  -.39400000E+01 -.97523471E+01
  -.38800000E+01  .12027960E+02
  -.38200000E+01  .53636621E+01
  -.37600000E+01  .39501218E+01
  -.37000000E+01  .33280055E+01
  -.36400000E+01  .29734076E+01
  -.35800000E+01  .27412051E+01
  -.35200000E+01  .25751359E+01
  -.34600000E+01  .24488136E+01
  -.34000000E+01  .23482209E+01
  -.33400000E+01  .22652211E+01
  -.32800000E+01  .21947670E+01
  -.32200000E+01  .21335611E+01
  -.31600000E+01  .20793575E+01
  -.31000000E+01  .20305733E+01
  -.30400000E+01  .19860608E+01
  -.29800000E+01  .19449668E+01
  -.29200000E+01  .19066442E+01
  -.28600000E+01  .18705925E+01
  -.28000000E+01  .18364187E+01
  -.27400000E+01  .18038097E+01
  -.26800000E+01  .17725126E+01
  -.26200000E+01  .17423208E+01
  -.25600000E+01  .17130639E+01
  -.25000000E+01  .16845997E+01
  -.24400000E+01  .16568086E+01
  -.23800000E+01  .16295890E+01
  -.23200000E+01  .16028540E+01
  -.22600000E+01  .15765288E+01
  -.22000000E+01  .15505483E+01
  -.21400000E+01  .15248556E+01
  -.20800000E+01  .14994007E+01
  -.20200000E+01  .14741391E+01
  -.19600000E+01  .14490312E+01
  -.19000000E+01  .14240414E+01
  -.18400000E+01  .13991377E+01
  -.17800000E+01  .13742908E+01
  -.17200000E+01  .13494740E+01
  -.16600000E+01  .13246627E+01
  -.16000000E+01  .12998340E+01
  -.15400000E+01  .12749669E+01
  -.14800000E+01  .12500413E+01
  -.14200000E+01  .12250385E+01
  -.13600000E+01  .11999408E+01
  -.13000000E+01  .11747311E+01
  -.12400000E+01  .11493933E+01
  -.11800000E+01  .11239114E+01
  -.11200000E+01  .10982704E+01
  -.10600000E+01  .10724553E+01
  -.10000000E+01  .10464516E+01
  -.94000000E+00  .10202448E+01
  -.88000000E+00  .99382086E+00
  -.82000000E+00  .96716555E+00
  -.76000000E+00  .94026477E+00
  -.70000000E+00  .91310438E+00
  -.64000000E+00  .88567014E+00
  -.58000000E+00  .85794767E+00
  -.52000000E+00  .82992239E+00
  -.46000000E+00  .80157949E+00
  -.40000000E+00  .77290385E+00
  -.34000000E+00  .74388003E+00
  -.28000000E+00  .71449218E+00
  -.22000000E+00  .68472403E+00
  -.16000000E+00  .65455880E+00
  -.10000000E+00  .62397917E+00
  -.40000000E-01  .59296724E+00
   .20000000E-01  .56150444E+00
   .80000000E-01  .52957150E+00
   .14000000E+00  .49714838E+00
   .20000000E+00  .46421418E+00
   .26000000E+00  .43074714E+00
   .32000000E+00  .39672447E+00
   .38000000E+00  .36212236E+00
   .44000000E+00  .32691584E+00
   .50000000E+00  .29107874E+00
   .56000000E+00  .25458354E+00
   .62000000E+00  .21740131E+00
   .68000000E+00  .17950158E+00
   .74000000E+00  .14085221E+00
   .80000000E+00  .10141930E+00
   .86000000E+00  .61166989E-01
   .92000000E+00  .20057364E-01
   .98000000E+00 -.21949760E-01
   .10400000E+01 -.64896995E-01
   .11000000E+01 -.10882959E+00
   .11600000E+01 -.15379565E+00
   .12200000E+01 -.19984637E+00
   .12800000E+01 -.24703633E+00
   .13400000E+01 -.29542373E+00
   .14000000E+01 -.34507079E+00
   .14600000E+01 -.39604403E+00
   .15200000E+01 -.44841473E+00
   .15800000E+01 -.50225933E+00
   .16400000E+01 -.55765994E+00
   .17000000E+01 -.61470487E+00
   .17600000E+01 -.67348926E+00
   .18200000E+01 -.73411573E+00
   .18800000E+01 -.79669517E+00
   .19400000E+01 -.86134761E+00
   .20000000E+01 -.92820314E+00
Potential  L  =        1.00000  -3.99948
  -.40000000E+01 -.18441574E+01
  -.39400000E+01 -.27630210E+01
  -.38800000E+01 -.42677802E+01
  -.38200000E+01 -.72019757E+01
  -.37600000E+01 -.15523870E+02
  -.37000000E+01 -.22328083E+03
  -.36400000E+01  .22194402E+02
  -.35800000E+01  .11509750E+02
  -.35200000E+01  .81401480E+01
  -.34600000E+01  .64825349E+01
  -.34000000E+01  .54922318E+01
  -.33400000E+01  .48308148E+01
  -.32800000E+01  .43555724E+01
  -.32200000E+01  .39958978E+01
  -.31600000E+01  .37128568E+01
  -.31000000E+01  .34832184E+01
  -.30400000E+01  .32922623E+01
  -.29800000E+01  .31302080E+01
  -.29200000E+01  .29903030E+01
  -.28600000E+01  .28677340E+01
  -.28000000E+01  .27589777E+01
  -.27400000E+01  .26613950E+01
  -.26800000E+01  .25729697E+01
  -.26200000E+01  .24921350E+01
  -.25600000E+01  .24176541E+01
  -.25000000E+01  .23485377E+01
  -.24400000E+01  .22839846E+01
  -.23800000E+01  .22233390E+01
  -.23200000E+01  .21660584E+01
  -.22600000E+01  .21116900E+01
  -.22000000E+01  .20598529E+01
  -.21400000E+01  .20102238E+01
  -.20800000E+01  .19625264E+01
  -.20200000E+01  .19165231E+01
  -.19600000E+01  .18720081E+01
  -.19000000E+01  .18288018E+01
  -.18400000E+01  .17867472E+01
  -.17800000E+01  .17457055E+01
  -.17200000E+01  .17055538E+01
  -.16600000E+01  .16661827E+01
  -.16000000E+01  .16274939E+01
  -.15400000E+01  .15893990E+01
  -.14800000E+01  .15518180E+01
  -.14200000E+01  .15146780E+01
  -.13600000E+01  .14779125E+01
  -.13000000E+01  .14414601E+01
  -.12400000E+01  .14052642E+01
  -.11800000E+01  .13692721E+01
  -.11200000E+01  .13334348E+01
  -.10600000E+01  .12977060E+01
  -.10000000E+01  .12620421E+01
  -.94000000E+00  .12264017E+01
  -.88000000E+00  .11907454E+01
  -.82000000E+00  .11550351E+01
  -.76000000E+00  .11192343E+01
  -.70000000E+00  .10833074E+01
  -.64000000E+00  .10472197E+01
  -.58000000E+00  .10109373E+01
  -.52000000E+00  .97442648E+00
  -.46000000E+00  .93765410E+00
  -.40000000E+00  .90058698E+00
  -.34000000E+00  .86319192E+00
  -.28000000E+00  .82543554E+00
  -.22000000E+00  .78728410E+00
  -.16000000E+00  .74870333E+00
  -.10000000E+00  .70965834E+00
  -.40000000E-01  .67011340E+00
   .20000000E-01  .63003182E+00
   .80000000E-01  .58937575E+00
   .14000000E+00  .54810607E+00
   .20000000E+00  .50618215E+00
   .26000000E+00  .46356172E+00
   .32000000E+00  .42020064E+00
   .38000000E+00  .37605264E+00
   .44000000E+00  .33106924E+00
   .50000000E+00  .28519936E+00
   .56000000E+00  .23838911E+00
   .62000000E+00  .19058152E+00
   .68000000E+00  .14171620E+00
   .74000000E+00  .91728988E-01
   .80000000E+00  .40551609E-01
   .86000000E+00 -.11888784E-01
   .92000000E+00 -.65670051E-01
   .98000000E+00 -.12087559E+00
   .10400000E+01 -.17759490E+00
   .11000000E+01 -.23592425E+00
   .11600000E+01 -.29596734E+00
   .12200000E+01 -.35783616E+00
   .12800000E+01 -.42165187E+00
   .13400000E+01 -.48754585E+00
   .14000000E+01 -.55566080E+00
   .14600000E+01 -.62615214E+00
   .15200000E+01 -.69918942E+00
   .15800000E+01 -.77495811E+00
   .16400000E+01 -.85366152E+00
   .17000000E+01 -.93552309E+00
   .17600000E+01 -.10207890E+01
   .18200000E+01 -.11097310E+01
   .18800000E+01 -.12026505E+01
   .19400000E+01 -.12998818E+01
   .20000000E+01 -.14017976E+01
Core Pot   L  =        2.00000   -.49703
  -.40000000E+01  .19512663E+01
  -.39400000E+01  .19348292E+01
  -.38800000E+01  .19182161E+01
  -.38200000E+01  .19014208E+01
  -.37600000E+01  .18844365E+01
  -.37000000E+01  .18672563E+01
  -.36400000E+01  .18498728E+01
  -.35800000E+01  .18322779E+01
  -.35200000E+01  .18144633E+01
  -.34600000E+01  .17964201E+01
  -.34000000E+01  .17781386E+01
  -.33400000E+01  .17596086E+01
  -.32800000E+01  .17408193E+01
  -.32200000E+01  .17217589E+01
  -.31600000E+01  .17024149E+01
  -.31000000E+01  .16827739E+01
  -.30400000E+01  .16628213E+01
  -.29800000E+01  .16425416E+01
  -.29200000E+01  .16219180E+01
  -.28600000E+01  .16009322E+01
  -.28000000E+01  .15795646E+01
  -.27400000E+01  .15577938E+01
  -.26800000E+01  .15355966E+01
  -.26200000E+01  .15129476E+01
  -.25600000E+01  .14898193E+01
  -.25000000E+01  .14661814E+01
  -.24400000E+01  .14420008E+01
  -.23800000E+01  .14172410E+01
  -.23200000E+01  .13918620E+01
  -.22600000E+01  .13658193E+01
  -.22000000E+01  .13390639E+01
  -.21400000E+01  .13115410E+01
  -.20800000E+01  .12831898E+01
  -.20200000E+01  .12539422E+01
  -.19600000E+01  .12237218E+01
  -.19000000E+01  .11924424E+01
  -.18400000E+01  .11600066E+01
  -.17800000E+01  .11263040E+01
  -.17200000E+01  .10912083E+01
  -.16600000E+01  .10545752E+01
  -.16000000E+01  .10162382E+01
  -.15400000E+01  .97600464E+00
  -.14800000E+01  .93365029E+00
  -.14200000E+01  .88891228E+00
  -.13600000E+01  .84148053E+00
  -.13000000E+01  .79098662E+00
  -.12400000E+01  .73698924E+00
  -.11800000E+01  .67895518E+00
  -.11200000E+01  .61623403E+00
  -.10600000E+01  .54802394E+00
  -.10000000E+01  .47332471E+00
  -.94000000E+00  .39087228E+00
  -.88000000E+00  .29904541E+00
  -.82000000E+00  .19572966E+00
  -.76000000E+00  .78114206E-01
  -.70000000E+00 -.57620964E-01
  -.64000000E+00 -.21680300E+00
  -.58000000E+00 -.40709135E+00
  -.52000000E+00 -.63991173E+00
  -.46000000E+00 -.93309641E+00
  -.40000000E+00 -.13161080E+01
  -.34000000E+00 -.18413702E+01
  -.28000000E+00 -.26120517E+01
  -.22000000E+00 -.38630734E+01
  -.16000000E+00 -.62700814E+01
  -.10000000E+00 -.12895931E+02
  -.40000000E-01 -.11954368E+03
   .20000000E-01  .19525554E+02
   .80000000E-01  .96689665E+01
   .14000000E+00  .66721979E+01
   .20000000E+00  .52145210E+01
   .26000000E+00  .43473017E+01
   .32000000E+00  .37685636E+01
   .38000000E+00  .33522049E+01
   .44000000E+00  .30362308E+01
   .50000000E+00  .27866081E+01
   .56000000E+00  .25830971E+01
   .62000000E+00  .24129055E+01
   .68000000E+00  .22675508E+01
   .74000000E+00  .21411854E+01
   .80000000E+00  .20296466E+01
   .86000000E+00  .19298902E+01
   .92000000E+00  .18396375E+01
   .98000000E+00  .17571486E+01
   .10400000E+01  .16810715E+01
   .11000000E+01  .16103395E+01
   .11600000E+01  .15440986E+01
   .12200000E+01  .14816575E+01
   .12800000E+01  .14224493E+01
   .13400000E+01  .13660051E+01
   .14000000E+01  .13119327E+01
   .14600000E+01  .12599017E+01
   .15200000E+01  .12096308E+01
   .15800000E+01  .11608795E+01
   .16400000E+01  .11134397E+01
   .17000000E+01  .10671308E+01
   .17600000E+01  .10217945E+01
   .18200000E+01  .97729152E+00
   .18800000E+01  .93349814E+00
   .19400000E+01  .89030399E+00
   .20000000E+01  .84760993E+00
Potential  L  =        2.00000   -.49703
  -.40000000E+01  .17989935E+01
  -.39400000E+01  .17799717E+01
  -.38800000E+01  .17607064E+01
  -.38200000E+01  .17411889E+01
  -.37600000E+01  .17214105E+01
  -.37000000E+01  .17013616E+01
  -.36400000E+01  .16810322E+01
  -.35800000E+01  .16604120E+01
  -.35200000E+01  .16394897E+01
  -.34600000E+01  .16182537E+01
  -.34000000E+01  .15966916E+01
  -.33400000E+01  .15747903E+01
  -.32800000E+01  .15525358E+01
  -.32200000E+01  .15299134E+01
  -.31600000E+01  .15069074E+01
  -.31000000E+01  .14835013E+01
  -.30400000E+01  .14596772E+01
  -.29800000E+01  .14354164E+01
  -.29200000E+01  .14106987E+01
  -.28600000E+01  .13855027E+01
  -.28000000E+01  .13598054E+01
  -.27400000E+01  .13335823E+01
  -.26800000E+01  .13068071E+01
  -.26200000E+01  .12794516E+01
  -.25600000E+01  .12514855E+01
  -.25000000E+01  .12228764E+01
  -.24400000E+01  .11935889E+01
  -.23800000E+01  .11635855E+01
  -.23200000E+01  .11328250E+01
  -.22600000E+01  .11012634E+01
  -.22000000E+01  .10688525E+01
  -.21400000E+01  .10355404E+01
  -.20800000E+01  .10012705E+01
  -.20200000E+01  .96598082E+00
  -.19600000E+01  .92960411E+00
  -.19000000E+01  .89206656E+00
  -.18400000E+01  .85328724E+00
  -.17800000E+01  .81317725E+00
  -.17200000E+01  .77163861E+00
  -.16600000E+01  .72856313E+00
  -.16000000E+01  .68383101E+00
  -.15400000E+01  .63730922E+00
  -.14800000E+01  .58884964E+00
  -.14200000E+01  .53828683E+00
  -.13600000E+01  .48543543E+00
  -.13000000E+01  .43008699E+00
  -.12400000E+01  .37200634E+00
  -.11800000E+01  .31092710E+00
  -.11200000E+01  .24654629E+00
  -.10600000E+01  .17851783E+00
  -.10000000E+01  .10644459E+00
  -.94000000E+00  .29868540E-01
  -.88000000E+00 -.51741368E-01
  -.82000000E+00 -.13900441E+00
  -.76000000E+00 -.23264723E+00
  -.70000000E+00 -.33352821E+00
  -.64000000E+00 -.44266875E+00
  -.58000000E+00 -.56129401E+00
  -.52000000E+00 -.69088637E+00
  -.46000000E+00 -.83325678E+00
  -.40000000E+00 -.99064121E+00
  -.34000000E+00 -.11658332E+01
  -.28000000E+00 -.13623692E+01
  -.22000000E+00 -.15847934E+01
  -.16000000E+00 -.18390443E+01
  -.10000000E+00 -.21330343E+01
  -.40000000E-01 -.24775436E+01
   .20000000E-01 -.28876502E+01
   .80000000E-01 -.33851088E+01
   .14000000E+00 -.40025062E+01
   .20000000E+00 -.47909638E+01
   .26000000E+00 -.58354986E+01
   .32000000E+00 -.72887011E+01
   .38000000E+00 -.94545201E+01
   .44000000E+00 -.13037823E+02
   .50000000E+00 -.20130663E+02
   .56000000E+00 -.40929847E+02
   .62000000E+00 -.13403904E+04
   .68000000E+00  .46353470E+02
   .74000000E+00  .23424590E+02
   .80000000E+00  .15937183E+02
   .86000000E+00  .12215161E+02
   .92000000E+00  .99844283E+01
   .98000000E+00  .84952095E+01
   .10400000E+01  .74281702E+01
   .11000000E+01  .66242930E+01
   .11600000E+01  .59954899E+01
   .12200000E+01  .54890222E+01
   .12800000E+01  .50713844E+01
   .13400000E+01  .47202690E+01
   .14000000E+01  .44202487E+01
   .14600000E+01  .41603131E+01
   .15200000E+01  .39323937E+01
   .15800000E+01  .37304423E+01
   .16400000E+01  .35498356E+01
   .17000000E+01  .33869789E+01
   .17600000E+01  .32390347E+01
   .18200000E+01  .31037333E+01
   .18800000E+01  .29792369E+01
   .19400000E+01  .28640420E+01
   .20000000E+01  .27569059E+01
Core Pot   L  =        3.00000    .00000
  -.40000000E+01  .23048885E+01
  -.39400000E+01  .22920512E+01
  -.38800000E+01  .22791451E+01
  -.38200000E+01  .22661689E+01
  -.37600000E+01  .22531217E+01
  -.37000000E+01  .22400022E+01
  -.36400000E+01  .22268093E+01
  -.35800000E+01  .22135417E+01
  -.35200000E+01  .22001983E+01
  -.34600000E+01  .21867778E+01
  -.34000000E+01  .21732788E+01
  -.33400000E+01  .21597001E+01
  -.32800000E+01  .21460402E+01
  -.32200000E+01  .21322978E+01
  -.31600000E+01  .21184713E+01
  -.31000000E+01  .21045593E+01
  -.30400000E+01  .20905603E+01
  -.29800000E+01  .20764726E+01
  -.29200000E+01  .20622946E+01
  -.28600000E+01  .20480247E+01
  -.28000000E+01  .20336610E+01
  -.27400000E+01  .20192019E+01
  -.26800000E+01  .20046455E+01
  -.26200000E+01  .19899898E+01
  -.25600000E+01  .19752330E+01
  -.25000000E+01  .19603730E+01
  -.24400000E+01  .19454076E+01
  -.23800000E+01  .19303349E+01
  -.23200000E+01  .19151524E+01
  -.22600000E+01  .18998580E+01
  -.22000000E+01  .18844493E+01
  -.21400000E+01  .18689238E+01
  -.20800000E+01  .18532789E+01
  -.20200000E+01  .18375120E+01
  -.19600000E+01  .18216205E+01
  -.19000000E+01  .18056014E+01
  -.18400000E+01  .17894519E+01
  -.17800000E+01  .17731688E+01
  -.17200000E+01  .17567492E+01
  -.16600000E+01  .17401897E+01
  -.16000000E+01  .17234869E+01
  -.15400000E+01  .17066373E+01
  -.14800000E+01  .16896372E+01
  -.14200000E+01  .16724829E+01
  -.13600000E+01  .16551704E+01
  -.13000000E+01  .16376956E+01
  -.12400000E+01  .16200542E+01
  -.11800000E+01  .16022417E+01
  -.11200000E+01  .15842535E+01
  -.10600000E+01  .15660847E+01
  -.10000000E+01  .15477303E+01
  -.94000000E+00  .15291850E+01
  -.88000000E+00  .15104433E+01
  -.82000000E+00  .14914994E+01
  -.76000000E+00  .14723472E+01
  -.70000000E+00  .14529805E+01
  -.64000000E+00  .14333927E+01
  -.58000000E+00  .14135767E+01
  -.52000000E+00  .13935253E+01
  -.46000000E+00  .13732310E+01
  -.40000000E+00  .13526856E+01
  -.34000000E+00  .13318807E+01
  -.28000000E+00  .13108074E+01
  -.22000000E+00  .12894565E+01
  -.16000000E+00  .12678181E+01
  -.10000000E+00  .12458818E+01
  -.40000000E-01  .12236366E+01
   .20000000E-01  .12010711E+01
   .80000000E-01  .11781728E+01
   .14000000E+00  .11549290E+01
   .20000000E+00  .11313258E+01
   .26000000E+00  .11073488E+01
   .32000000E+00  .10829825E+01
   .38000000E+00  .10582104E+01
   .44000000E+00  .10330151E+01
   .50000000E+00  .10073781E+01
   .56000000E+00  .98127939E+00
   .62000000E+00  .95469792E+00
   .68000000E+00  .92761102E+00
   .74000000E+00  .89999446E+00
   .80000000E+00  .87182229E+00
   .86000000E+00  .84306664E+00
   .92000000E+00  .81369756E+00
   .98000000E+00  .78368281E+00
   .10400000E+01  .75298763E+00
   .11000000E+01  .72157451E+00
   .11600000E+01  .68940285E+00
   .12200000E+01  .65642867E+00
   .12800000E+01  .62260425E+00
   .13400000E+01  .58787767E+00
   .14000000E+01  .55219238E+00
   .14600000E+01  .51548664E+00
   .15200000E+01  .47769289E+00
   .15800000E+01  .43873703E+00
   .16400000E+01  .39853764E+00
   .17000000E+01  .35700498E+00
   .17600000E+01  .31403995E+00
   .18200000E+01  .26953275E+00
   .18800000E+01  .22336143E+00
   .19400000E+01  .17539012E+00
   .20000000E+01  .12546696E+00
Potential  L  =        3.00000    .00000
  -.40000000E+01  .23133669E+01
  -.39400000E+01  .23007359E+01
  -.38800000E+01  .22880422E+01
  -.38200000E+01  .22752850E+01
  -.37600000E+01  .22624634E+01
  -.37000000E+01  .22495766E+01
  -.36400000E+01  .22366236E+01
  -.35800000E+01  .22236035E+01
  -.35200000E+01  .22105153E+01
  -.34600000E+01  .21973580E+01
  -.34000000E+01  .21841307E+01
  -.33400000E+01  .21708323E+01
  -.32800000E+01  .21574618E+01
  -.32200000E+01  .21440181E+01
  -.31600000E+01  .21305001E+01
  -.31000000E+01  .21169067E+01
  -.30400000E+01  .21032368E+01
  -.29800000E+01  .20894892E+01
  -.29200000E+01  .20756626E+01
  -.28600000E+01  .20617559E+01
  -.28000000E+01  .20477678E+01
  -.27400000E+01  .20336970E+01
  -.26800000E+01  .20195422E+01
  -.26200000E+01  .20053021E+01
  -.25600000E+01  .19909752E+01
  -.25000000E+01  .19765601E+01
  -.24400000E+01  .19620554E+01
  -.23800000E+01  .19474597E+01
  -.23200000E+01  .19327712E+01
  -.22600000E+01  .19179886E+01
  -.22000000E+01  .19031101E+01
  -.21400000E+01  .18881342E+01
  -.20800000E+01  .18730591E+01
  -.20200000E+01  .18578832E+01
  -.19600000E+01  .18426045E+01
  -.19000000E+01  .18272213E+01
  -.18400000E+01  .18117316E+01
  -.17800000E+01  .17961337E+01
  -.17200000E+01  .17804253E+01
  -.16600000E+01  .17646046E+01
  -.16000000E+01  .17486694E+01
  -.15400000E+01  .17326176E+01
  -.14800000E+01  .17164469E+01
  -.14200000E+01  .17001550E+01
  -.13600000E+01  .16837395E+01
  -.13000000E+01  .16671982E+01
  -.12400000E+01  .16505284E+01
  -.11800000E+01  .16337275E+01
  -.11200000E+01  .16167930E+01
  -.10600000E+01  .15997221E+01
  -.10000000E+01  .15825120E+01
  -.94000000E+00  .15651598E+01
  -.88000000E+00  .15476625E+01
  -.82000000E+00  .15300170E+01
  -.76000000E+00  .15122201E+01
  -.70000000E+00  .14942685E+01
  -.64000000E+00  .14761589E+01
  -.58000000E+00  .14578878E+01
  -.52000000E+00  .14394515E+01
  -.46000000E+00  .14208462E+01
  -.40000000E+00  .14020682E+01
  -.34000000E+00  .13831134E+01
  -.28000000E+00  .13639777E+01
  -.22000000E+00  .13446567E+01
  -.16000000E+00  .13251462E+01
  -.10000000E+00  .13054414E+01
  -.40000000E-01  .12855377E+01
   .20000000E-01  .12654301E+01
   .80000000E-01  .12451135E+01
   .14000000E+00  .12245826E+01
   .20000000E+00  .12038320E+01
   .26000000E+00  .11828559E+01
   .32000000E+00  .11616484E+01
   .38000000E+00  .11402035E+01
   .44000000E+00  .11185146E+01
   .50000000E+00  .10965753E+01
   .56000000E+00  .10743785E+01
   .62000000E+00  .10519172E+01
   .68000000E+00  .10291839E+01
   .74000000E+00  .10061707E+01
   .80000000E+00  .98286970E+00
   .86000000E+00  .95927236E+00
   .92000000E+00  .93536991E+00
   .98000000E+00  .91115319E+00
   .10400000E+01  .88661263E+00
   .11000000E+01  .86173825E+00
   .11600000E+01  .83651959E+00
   .12200000E+01  .81094577E+00
   .12800000E+01  .78500537E+00
   .13400000E+01  .75868646E+00
   .14000000E+01  .73197653E+00
   .14600000E+01  .70486250E+00
   .15200000E+01  .67733042E+00
   .15800000E+01  .64936637E+00
   .16400000E+01  .62095502E+00
   .17000000E+01  .59208050E+00
   .17600000E+01  .56272616E+00
   .18200000E+01  .53287447E+00
   .18800000E+01  .50250700E+00
   .19400000E+01  .47160436E+00
   .20000000E+01  .44014607E+00
Core Pot   L  =        4.00000    .00000
  -.40000000E+01  .26638413E+01
  -.39400000E+01  .26529519E+01
  -.38800000E+01  .26420224E+01
  -.38200000E+01  .26310516E+01
  -.37600000E+01  .26200425E+01
  -.37000000E+01  .26089900E+01
  -.36400000E+01  .25978956E+01
  -.35800000E+01  .25867575E+01
  -.35200000E+01  .25755783E+01
  -.34600000E+01  .25643574E+01
  -.34000000E+01  .25530906E+01
  -.33400000E+01  .25417796E+01
  -.32800000E+01  .25304247E+01
  -.32200000E+01  .25190240E+01
  -.31600000E+01  .25075765E+01
  -.31000000E+01  .24960854E+01
  -.30400000E+01  .24845463E+01
  -.29800000E+01  .24729596E+01
  -.29200000E+01  .24613257E+01
  -.28600000E+01  .24496431E+01
  -.28000000E+01  .24379104E+01
  -.27400000E+01  .24261311E+01
  -.26800000E+01  .24143000E+01
  -.26200000E+01  .24024185E+01
  -.25600000E+01  .23904857E+01
  -.25000000E+01  .23785011E+01
  -.24400000E+01  .23664641E+01
  -.23800000E+01  .23543741E+01
  -.23200000E+01  .23422303E+01
  -.22600000E+01  .23300321E+01
  -.22000000E+01  .23177789E+01
  -.21400000E+01  .23054700E+01
  -.20800000E+01  .22931046E+01
  -.20200000E+01  .22806822E+01
  -.19600000E+01  .22682019E+01
  -.19000000E+01  .22556630E+01
  -.18400000E+01  .22430648E+01
  -.17800000E+01  .22304065E+01
  -.17200000E+01  .22176873E+01
  -.16600000E+01  .22049065E+01
  -.16000000E+01  .21920631E+01
  -.15400000E+01  .21791564E+01
  -.14800000E+01  .21661856E+01
  -.14200000E+01  .21531498E+01
  -.13600000E+01  .21400480E+01
  -.13000000E+01  .21268794E+01
  -.12400000E+01  .21136431E+01
  -.11800000E+01  .21003381E+01
  -.11200000E+01  .20869635E+01
  -.10600000E+01  .20735183E+01
  -.10000000E+01  .20600014E+01
  -.94000000E+00  .20464120E+01
  -.88000000E+00  .20327488E+01
  -.82000000E+00  .20190109E+01
  -.76000000E+00  .20051971E+01
  -.70000000E+00  .19913063E+01
  -.64000000E+00  .19773375E+01
  -.58000000E+00  .19632893E+01
  -.52000000E+00  .19491607E+01
  -.46000000E+00  .19349504E+01
  -.40000000E+00  .19206571E+01
  -.34000000E+00  .19062796E+01
  -.28000000E+00  .18918165E+01
  -.22000000E+00  .18772665E+01
  -.16000000E+00  .18626282E+01
  -.10000000E+00  .18479002E+01
  -.40000000E-01  .18330811E+01
   .20000000E-01  .18181694E+01
   .80000000E-01  .18031636E+01
   .14000000E+00  .17880620E+01
   .20000000E+00  .17728632E+01
   .26000000E+00  .17575654E+01
   .32000000E+00  .17421671E+01
   .38000000E+00  .17266664E+01
   .44000000E+00  .17110616E+01
   .50000000E+00  .16953509E+01
   .56000000E+00  .16795325E+01
   .62000000E+00  .16636044E+01
   .68000000E+00  .16475647E+01
   .74000000E+00  .16314113E+01
   .80000000E+00  .16151422E+01
   .86000000E+00  .15987553E+01
   .92000000E+00  .15822484E+01
   .98000000E+00  .15656191E+01
   .10400000E+01  .15488653E+01
   .11000000E+01  .15319846E+01
   .11600000E+01  .15149744E+01
   .12200000E+01  .14978324E+01
   .12800000E+01  .14805558E+01
   .13400000E+01  .14631421E+01
   .14000000E+01  .14455884E+01
   .14600000E+01  .14278921E+01
   .15200000E+01  .14100501E+01
   .15800000E+01  .13920594E+01
   .16400000E+01  .13739170E+01
   .17000000E+01  .13556197E+01
   .17600000E+01  .13371641E+01
   .18200000E+01  .13185470E+01
   .18800000E+01  .12997647E+01
   .19400000E+01  .12808137E+01
   .20000000E+01  .12616903E+01
Potential  L  =        4.00000    .00000
  -.40000000E+01  .26664851E+01
  -.39400000E+01  .26556415E+01
  -.38800000E+01  .26447588E+01
  -.38200000E+01  .26338369E+01
  -.37600000E+01  .26228744E+01
  -.37000000E+01  .26118709E+01
  -.36400000E+01  .26008273E+01
  -.35800000E+01  .25897424E+01
  -.35200000E+01  .25786162E+01
  -.34600000E+01  .25674474E+01
  -.34000000E+01  .25562358E+01
  -.33400000E+01  .25449814E+01
  -.32800000E+01  .25336836E+01
  -.32200000E+01  .25223426E+01
  -.31600000E+01  .25109564E+01
  -.31000000E+01  .24995253E+01
  -.30400000E+01  .24880493E+01
  -.29800000E+01  .24765280E+01
  -.29200000E+01  .24649592E+01
  -.28600000E+01  .24533441E+01
  -.28000000E+01  .24416818E+01
  -.27400000E+01  .24299716E+01
  -.26800000E+01  .24182145E+01
  -.26200000E+01  .24064054E+01
  -.25600000E+01  .23945488E+01
  -.25000000E+01  .23826418E+01
  -.24400000E+01  .23706837E+01
  -.23800000E+01  .23586748E+01
  -.23200000E+01  .23466145E+01
  -.22600000E+01  .23345013E+01
  -.22000000E+01  .23223352E+01
  -.21400000E+01  .23101154E+01
  -.20800000E+01  .22978415E+01
  -.20200000E+01  .22855126E+01
  -.19600000E+01  .22731281E+01
  -.19000000E+01  .22606874E+01
  -.18400000E+01  .22481900E+01
  -.17800000E+01  .22356346E+01
  -.17200000E+01  .22230204E+01
  -.16600000E+01  .22103481E+01
  -.16000000E+01  .21976158E+01
  -.15400000E+01  .21848222E+01
  -.14800000E+01  .21719683E+01
  -.14200000E+01  .21590515E+01
  -.13600000E+01  .21460721E+01
  -.13000000E+01  .21330294E+01
  -.12400000E+01  .21199214E+01
  -.11800000E+01  .21067484E+01
  -.11200000E+01  .20935090E+01
  -.10600000E+01  .20802027E+01
  -.10000000E+01  .20668283E+01
  -.94000000E+00  .20533850E+01
  -.88000000E+00  .20398718E+01
  -.82000000E+00  .20262877E+01
  -.76000000E+00  .20126319E+01
  -.70000000E+00  .19989033E+01
  -.64000000E+00  .19851008E+01
  -.58000000E+00  .19712235E+01
  -.52000000E+00  .19572705E+01
  -.46000000E+00  .19432402E+01
  -.40000000E+00  .19291320E+01
  -.34000000E+00  .19149446E+01
  -.28000000E+00  .19006768E+01
  -.22000000E+00  .18863276E+01
  -.16000000E+00  .18718956E+01
  -.10000000E+00  .18573795E+01
  -.40000000E-01  .18427784E+01
   .20000000E-01  .18280906E+01
   .80000000E-01  .18133151E+01
   .14000000E+00  .17984504E+01
   .20000000E+00  .17834952E+01
   .26000000E+00  .17684479E+01
   .32000000E+00  .17533074E+01
   .38000000E+00  .17380719E+01
   .44000000E+00  .17227400E+01
   .50000000E+00  .17073103E+01
   .56000000E+00  .16917810E+01
   .62000000E+00  .16761506E+01
   .68000000E+00  .16604174E+01
   .74000000E+00  .16445797E+01
   .80000000E+00  .16286358E+01
   .86000000E+00  .16125838E+01
   .92000000E+00  .15964220E+01
   .98000000E+00  .15801485E+01
   .10400000E+01  .15637612E+01
   .11000000E+01  .15472584E+01
   .11600000E+01  .15306379E+01
   .12200000E+01  .15138976E+01
   .12800000E+01  .14970354E+01
   .13400000E+01  .14800491E+01
   .14000000E+01  .14629366E+01
   .14600000E+01  .14456954E+01
   .15200000E+01  .14283232E+01
   .15800000E+01  .14108175E+01
   .16400000E+01  .13931759E+01
   .17000000E+01  .13753957E+01
   .17600000E+01  .13574744E+01
   .18200000E+01  .13394092E+01
   .18800000E+01  .13211973E+01
   .19400000E+01  .13028358E+01
   .20000000E+01  .12843219E+01
KBPotential  L  =      1.00000  -7.99895
  -.40000000E+01 -.18283665E+01
  -.39400000E+01 -.96640206E+01
  -.38800000E+01  .12318619E+02
  -.38200000E+01  .54416619E+01
  -.37600000E+01  .40002261E+01
  -.37000000E+01  .33676025E+01
  -.36400000E+01  .30074294E+01
  -.35800000E+01  .27716942E+01
  -.35200000E+01  .26031255E+01
  -.34600000E+01  .24748960E+01
  -.34000000E+01  .23727657E+01
  -.33400000E+01  .22884748E+01
  -.32800000E+01  .22169002E+01
  -.32200000E+01  .21546976E+01
  -.31600000E+01  .20995897E+01
  -.31000000E+01  .20499717E+01
  -.30400000E+01  .20046805E+01
  -.29800000E+01  .19628516E+01
  -.29200000E+01  .19238294E+01
  -.28600000E+01  .18871071E+01
  -.28000000E+01  .18522868E+01
  -.27400000E+01  .18190516E+01
  -.26800000E+01  .17871455E+01
  -.26200000E+01  .17563597E+01
  -.25600000E+01  .17265219E+01
  -.25000000E+01  .16974883E+01
  -.24400000E+01  .16691382E+01
  -.23800000E+01  .16413691E+01
  -.23200000E+01  .16140934E+01
  -.22600000E+01  .15872357E+01
  -.22000000E+01  .15607307E+01
  -.21400000E+01  .15345211E+01
  -.20800000E+01  .15085568E+01
  -.20200000E+01  .14827933E+01
  -.19600000E+01  .14571910E+01
  -.19000000E+01  .14317146E+01
  -.18400000E+01  .14063322E+01
  -.17800000E+01  .13810147E+01
  -.17200000E+01  .13557360E+01
  -.16600000E+01  .13304718E+01
  -.16000000E+01  .13051998E+01
  -.15400000E+01  .12798994E+01
  -.14800000E+01  .12545515E+01
  -.14200000E+01  .12291379E+01
  -.13600000E+01  .12036416E+01
  -.13000000E+01  .11780467E+01
  -.12400000E+01  .11523376E+01
  -.11800000E+01  .11264998E+01
  -.11200000E+01  .11005190E+01
  -.10600000E+01  .10743818E+01
  -.10000000E+01  .10480747E+01
  -.94000000E+00  .10215848E+01
  -.88000000E+00  .99489935E+00
  -.82000000E+00  .96800560E+00
  -.76000000E+00  .94089178E+00
  -.70000000E+00  .91354528E+00
  -.64000000E+00  .88595386E+00
  -.58000000E+00  .85810527E+00
  -.52000000E+00  .82998726E+00
  -.46000000E+00  .80158745E+00
  -.40000000E+00  .77289338E+00
  -.34000000E+00  .74389243E+00
  -.28000000E+00  .71457180E+00
  -.22000000E+00  .68491845E+00
  -.16000000E+00  .65491912E+00
  -.10000000E+00  .62456023E+00
  -.40000000E-01  .59382789E+00
   .20000000E-01  .56270786E+00
   .80000000E-01  .53118551E+00
   .14000000E+00  .49924577E+00
   .20000000E+00  .46687312E+00
   .26000000E+00  .43405154E+00
   .32000000E+00  .40076445E+00
   .38000000E+00  .36699473E+00
   .44000000E+00  .33272459E+00
   .50000000E+00  .29793560E+00
   .56000000E+00  .26260863E+00
   .62000000E+00  .22672413E+00
   .68000000E+00  .19026062E+00
   .74000000E+00  .15319689E+00
   .80000000E+00  .11551040E+00
   .86000000E+00  .77177612E-01
   .92000000E+00  .38173983E-01
   .98000000E+00 -.15261875E-02
   .10400000E+01 -.41949866E-01
   .11000000E+01 -.83125210E-01
   .11600000E+01 -.12508181E+00
   .12200000E+01 -.16785069E+00
   .12800000E+01 -.21146450E+00
   .13400000E+01 -.25595751E+00
   .14000000E+01 -.30136581E+00
   .14600000E+01 -.34772743E+00
   .15200000E+01 -.39508243E+00
   .15800000E+01 -.44347312E+00
   .16400000E+01 -.49294414E+00
   .17000000E+01 -.54354273E+00
   .17600000E+01 -.59531881E+00
   .18200000E+01 -.64832531E+00
   .18800000E+01 -.70261829E+00
   .19400000E+01 -.75825725E+00
   .20000000E+01 -.81530542E+00
KBPotential  L  =      2.00000   -.99406
  -.40000000E+01  .19537587E+01
  -.39400000E+01  .19372719E+01
  -.38800000E+01  .19206086E+01
  -.38200000E+01  .19037628E+01
  -.37600000E+01  .18867276E+01
  -.37000000E+01  .18694962E+01
  -.36400000E+01  .18520612E+01
  -.35800000E+01  .18344145E+01
  -.35200000E+01  .18165478E+01
  -.34600000E+01  .17984522E+01
  -.34000000E+01  .17801180E+01
  -.33400000E+01  .17615352E+01
  -.32800000E+01  .17426928E+01
  -.32200000E+01  .17235791E+01
  -.31600000E+01  .17041816E+01
  -.31000000E+01  .16844870E+01
  -.30400000E+01  .16644807E+01
  -.29800000E+01  .16441472E+01
  -.29200000E+01  .16234697E+01
  -.28600000E+01  .16024300E+01
  -.28000000E+01  .15810084E+01
  -.27400000E+01  .15591837E+01
  -.26800000E+01  .15369327E+01
  -.26200000E+01  .15142300E+01
  -.25600000E+01  .14910480E+01
  -.25000000E+01  .14673567E+01
  -.24400000E+01  .14431229E+01
  -.23800000E+01  .14183103E+01
  -.23200000E+01  .13928787E+01
  -.22600000E+01  .13667838E+01
  -.22000000E+01  .13399766E+01
  -.21400000E+01  .13124126E+01
  -.20800000E+01  .12840107E+01
  -.20200000E+01  .12547130E+01
  -.19600000E+01  .12244431E+01
  -.19000000E+01  .11931150E+01
  -.18400000E+01  .11606313E+01
  -.17800000E+01  .11268817E+01
  -.17200000E+01  .10917400E+01
  -.16600000E+01  .10550619E+01
  -.16000000E+01  .10166811E+01
  -.15400000E+01  .97640498E+00
  -.14800000E+01  .93400937E+00
  -.14200000E+01  .88923152E+00
  -.13600000E+01  .84176146E+00
  -.13000000E+01  .79123086E+00
  -.12400000E+01  .73719853E+00
  -.11800000E+01  .67913138E+00
  -.11200000E+01  .61637909E+00
  -.10600000E+01  .54813992E+00
  -.10000000E+01  .47341379E+00
  -.94000000E+00  .39093674E+00
  -.88000000E+00  .29908762E+00
  -.82000000E+00  .19575206E+00
  -.76000000E+00  .78119308E-01
  -.70000000E+00 -.57624441E-01
  -.64000000E+00 -.21681789E+00
  -.58000000E+00 -.40711513E+00
  -.52000000E+00 -.63994208E+00
  -.46000000E+00 -.93313153E+00
  -.40000000E+00 -.13161525E+01
  -.34000000E+00 -.18414133E+01
  -.28000000E+00 -.26120650E+01
  -.22000000E+00 -.38630913E+01
  -.16000000E+00 -.62701137E+01
  -.10000000E+00 -.12895955E+02
  -.40000000E-01 -.11952336E+03
   .20000000E-01  .19527234E+02
   .80000000E-01  .96698384E+01
   .14000000E+00  .66729409E+01
   .20000000E+00  .52152587E+01
   .26000000E+00  .43480784E+01
   .32000000E+00  .37694067E+01
   .38000000E+00  .33531332E+01
   .44000000E+00  .30372601E+01
   .50000000E+00  .27877530E+01
   .56000000E+00  .25843716E+01
   .62000000E+00  .24143266E+01
   .68000000E+00  .22691327E+01
   .74000000E+00  .21429530E+01
   .80000000E+00  .20315976E+01
   .86000000E+00  .19320419E+01
   .92000000E+00  .18420103E+01
   .98000000E+00  .17597600E+01
   .10400000E+01  .16839366E+01
   .11000000E+01  .16134792E+01
   .11600000E+01  .15475336E+01
   .12200000E+01  .14854092E+01
   .12800000E+01  .14265406E+01
   .13400000E+01  .13704599E+01
   .14000000E+01  .13167765E+01
   .14600000E+01  .12651612E+01
   .15200000E+01  .12153345E+01
   .15800000E+01  .11670573E+01
   .16400000E+01  .11201233E+01
   .17000000E+01  .10743538E+01
   .17600000E+01  .10295924E+01
   .18200000E+01  .98570186E+00
   .18800000E+01  .94256070E+00
   .19400000E+01  .90006090E+00
   .20000000E+01  .85810580E+00
KBPotential  L  =       .00000   -.64686
  -.40000000E+01  .17190020E+01
  -.39400000E+01  .17017667E+01
  -.38800000E+01  .16843838E+01
  -.38200000E+01  .16668501E+01
  -.37600000E+01  .16491623E+01
  -.37000000E+01  .16313170E+01
  -.36400000E+01  .16133107E+01
  -.35800000E+01  .15951399E+01
  -.35200000E+01  .15768007E+01
  -.34600000E+01  .15582894E+01
  -.34000000E+01  .15396018E+01
  -.33400000E+01  .15207340E+01
  -.32800000E+01  .15016815E+01
  -.32200000E+01  .14824401E+01
  -.31600000E+01  .14630051E+01
  -.31000000E+01  .14433717E+01
  -.30400000E+01  .14235351E+01
  -.29800000E+01  .14034903E+01
  -.29200000E+01  .13832317E+01
  -.28600000E+01  .13627542E+01
  -.28000000E+01  .13420519E+01
  -.27400000E+01  .13211190E+01
  -.26800000E+01  .12999495E+01
  -.26200000E+01  .12785367E+01
  -.25600000E+01  .12568743E+01
  -.25000000E+01  .12349553E+01
  -.24400000E+01  .12127726E+01
  -.23800000E+01  .11903188E+01
  -.23200000E+01  .11675861E+01
  -.22600000E+01  .11445665E+01
  -.22000000E+01  .11212517E+01
  -.21400000E+01  .10976328E+01
  -.20800000E+01  .10737008E+01
  -.20200000E+01  .10494461E+01
  -.19600000E+01  .10248588E+01
  -.19000000E+01  .99992862E+00
  -.18400000E+01  .97464463E+00
  -.17800000E+01  .94899553E+00
  -.17200000E+01  .92296946E+00
  -.16600000E+01  .89655402E+00
  -.16000000E+01  .86973622E+00
  -.15400000E+01  .84250244E+00
  -.14800000E+01  .81483841E+00
  -.14200000E+01  .78672914E+00
  -.13600000E+01  .75815891E+00
  -.13000000E+01  .72911119E+00
  -.12400000E+01  .69956857E+00
  -.11800000E+01  .66951288E+00
  -.11200000E+01  .63892482E+00
  -.10600000E+01  .60778414E+00
  -.10000000E+01  .57606945E+00
  -.94000000E+00  .54375821E+00
  -.88000000E+00  .51082659E+00
  -.82000000E+00  .47724946E+00
  -.76000000E+00  .44300011E+00
  -.70000000E+00  .40805051E+00
  -.64000000E+00  .37237073E+00
  -.58000000E+00  .33592910E+00
  -.52000000E+00  .29869207E+00
  -.46000000E+00  .26062380E+00
  -.40000000E+00  .22168635E+00
  -.34000000E+00  .18183925E+00
  -.28000000E+00  .14103939E+00
  -.22000000E+00  .99240732E-01
  -.16000000E+00  .56394100E-01
  -.10000000E+00  .12446896E-01
  -.40000000E-01 -.32657222E-01
   .20000000E-01 -.78978672E-01
   .80000000E-01 -.12658231E+00
   .14000000E+00 -.17553797E+00
   .20000000E+00 -.22592076E+00
   .26000000E+00 -.27781174E+00
   .32000000E+00 -.33129847E+00
   .38000000E+00 -.38647567E+00
   .44000000E+00 -.44344606E+00
   .50000000E+00 -.50232115E+00
   .56000000E+00 -.56322227E+00
   .62000000E+00 -.62628167E+00
   .68000000E+00 -.69164385E+00
   .74000000E+00 -.75946710E+00
   .80000000E+00 -.82992462E+00
   .86000000E+00 -.90320764E+00
   .92000000E+00 -.97952656E+00
   .98000000E+00 -.10591142E+01
   .10400000E+01 -.11422286E+01
   .11000000E+01 -.12291570E+01
   .11600000E+01 -.13202196E+01
   .12200000E+01 -.14157752E+01
   .12800000E+01 -.15162269E+01
   .13400000E+01 -.16220295E+01
   .14000000E+01 -.17336980E+01
   .14600000E+01 -.18518189E+01
   .15200000E+01 -.19770627E+01
   .15800000E+01 -.21102001E+01
   .16400000E+01 -.22521222E+01
   .17000000E+01 -.24038656E+01
   .17600000E+01 -.25666444E+01
   .18200000E+01 -.27418910E+01
   .18800000E+01 -.29313090E+01
   .19400000E+01 -.31369432E+01
   .20000000E+01 -.33612724E+01
KBPotential  L  =      3.00000    .00000
  -.40000000E+01  .23133669E+01
  -.39400000E+01  .23007359E+01
  -.38800000E+01  .22880422E+01
  -.38200000E+01  .22752850E+01
  -.37600000E+01  .22624634E+01
  -.37000000E+01  .22495766E+01
  -.36400000E+01  .22366236E+01
  -.35800000E+01  .22236035E+01
  -.35200000E+01  .22105153E+01
  -.34600000E+01  .21973580E+01
  -.34000000E+01  .21841307E+01
  -.33400000E+01  .21708323E+01
  -.32800000E+01  .21574618E+01
  -.32200000E+01  .21440181E+01
  -.31600000E+01  .21305001E+01
  -.31000000E+01  .21169067E+01
  -.30400000E+01  .21032368E+01
  -.29800000E+01  .20894892E+01
  -.29200000E+01  .20756626E+01
  -.28600000E+01  .20617559E+01
  -.28000000E+01  .20477678E+01
  -.27400000E+01  .20336970E+01
  -.26800000E+01  .20195422E+01
  -.26200000E+01  .20053021E+01
  -.25600000E+01  .19909752E+01
  -.25000000E+01  .19765601E+01
  -.24400000E+01  .19620554E+01
  -.23800000E+01  .19474597E+01
  -.23200000E+01  .19327712E+01
  -.22600000E+01  .19179886E+01
  -.22000000E+01  .19031101E+01
  -.21400000E+01  .18881342E+01
  -.20800000E+01  .18730591E+01
  -.20200000E+01  .18578832E+01
  -.19600000E+01  .18426045E+01
  -.19000000E+01  .18272213E+01
  -.18400000E+01  .18117316E+01
  -.17800000E+01  .17961337E+01
  -.17200000E+01  .17804253E+01
  -.16600000E+01  .17646046E+01
  -.16000000E+01  .17486694E+01
  -.15400000E+01  .17326176E+01
  -.14800000E+01  .17164469E+01
  -.14200000E+01  .17001550E+01
  -.13600000E+01  .16837395E+01
  -.13000000E+01  .16671982E+01
  -.12400000E+01  .16505284E+01
  -.11800000E+01  .16337275E+01
  -.11200000E+01  .16167930E+01
  -.10600000E+01  .15997221E+01
  -.10000000E+01  .15825120E+01
  -.94000000E+00  .15651598E+01
  -.88000000E+00  .15476625E+01
  -.82000000E+00  .15300170E+01
  -.76000000E+00  .15122201E+01
  -.70000000E+00  .14942685E+01
  -.64000000E+00  .14761589E+01
  -.58000000E+00  .14578878E+01
  -.52000000E+00  .14394515E+01
  -.46000000E+00  .14208462E+01
  -.40000000E+00  .14020682E+01
  -.34000000E+00  .13831134E+01
  -.28000000E+00  .13639777E+01
  -.22000000E+00  .13446567E+01
  -.16000000E+00  .13251462E+01
  -.10000000E+00  .13054414E+01
  -.40000000E-01  .12855377E+01
   .20000000E-01  .12654301E+01
   .80000000E-01  .12451135E+01
   .14000000E+00  .12245826E+01
   .20000000E+00  .12038320E+01
   .26000000E+00  .11828559E+01
   .32000000E+00  .11616484E+01
   .38000000E+00  .11402035E+01
   .44000000E+00  .11185146E+01
   .50000000E+00  .10965753E+01
   .56000000E+00  .10743785E+01
   .62000000E+00  .10519172E+01
   .68000000E+00  .10291839E+01
   .74000000E+00  .10061707E+01
   .80000000E+00  .98286970E+00
   .86000000E+00  .95927236E+00
   .92000000E+00  .93536991E+00
   .98000000E+00  .91115319E+00
   .10400000E+01  .88661263E+00
   .11000000E+01  .86173825E+00
   .11600000E+01  .83651959E+00
   .12200000E+01  .81094577E+00
   .12800000E+01  .78500537E+00
   .13400000E+01  .75868646E+00
   .14000000E+01  .73197653E+00
   .14600000E+01  .70486250E+00
   .15200000E+01  .67733042E+00
   .15800000E+01  .64936637E+00
   .16400000E+01  .62095502E+00
   .17000000E+01  .59208050E+00
   .17600000E+01  .56272616E+00
   .18200000E+01  .53287447E+00
   .18800000E+01  .50250700E+00
   .19400000E+01  .47160436E+00
   .20000000E+01  .44014607E+00
KBPotential  L  =      4.00000    .00000
  -.40000000E+01  .26664851E+01
  -.39400000E+01  .26556415E+01
  -.38800000E+01  .26447588E+01
  -.38200000E+01  .26338369E+01
  -.37600000E+01  .26228744E+01
  -.37000000E+01  .26118709E+01
  -.36400000E+01  .26008273E+01
  -.35800000E+01  .25897424E+01
  -.35200000E+01  .25786162E+01
  -.34600000E+01  .25674474E+01
  -.34000000E+01  .25562358E+01
  -.33400000E+01  .25449814E+01
  -.32800000E+01  .25336836E+01
  -.32200000E+01  .25223426E+01
  -.31600000E+01  .25109564E+01
  -.31000000E+01  .24995253E+01
  -.30400000E+01  .24880493E+01
  -.29800000E+01  .24765280E+01
  -.29200000E+01  .24649592E+01
  -.28600000E+01  .24533441E+01
  -.28000000E+01  .24416818E+01
  -.27400000E+01  .24299716E+01
  -.26800000E+01  .24182145E+01
  -.26200000E+01  .24064054E+01
  -.25600000E+01  .23945488E+01
  -.25000000E+01  .23826418E+01
  -.24400000E+01  .23706837E+01
  -.23800000E+01  .23586748E+01
  -.23200000E+01  .23466145E+01
  -.22600000E+01  .23345013E+01
  -.22000000E+01  .23223352E+01
  -.21400000E+01  .23101154E+01
  -.20800000E+01  .22978415E+01
  -.20200000E+01  .22855126E+01
  -.19600000E+01  .22731281E+01
  -.19000000E+01  .22606874E+01
  -.18400000E+01  .22481900E+01
  -.17800000E+01  .22356346E+01
  -.17200000E+01  .22230204E+01
  -.16600000E+01  .22103481E+01
  -.16000000E+01  .21976158E+01
  -.15400000E+01  .21848222E+01
  -.14800000E+01  .21719683E+01
  -.14200000E+01  .21590515E+01
  -.13600000E+01  .21460721E+01
  -.13000000E+01  .21330294E+01
  -.12400000E+01  .21199214E+01
  -.11800000E+01  .21067484E+01
  -.11200000E+01  .20935090E+01
  -.10600000E+01  .20802027E+01
  -.10000000E+01  .20668283E+01
  -.94000000E+00  .20533850E+01
  -.88000000E+00  .20398718E+01
  -.82000000E+00  .20262877E+01
  -.76000000E+00  .20126319E+01
  -.70000000E+00  .19989033E+01
  -.64000000E+00  .19851008E+01
  -.58000000E+00  .19712235E+01
  -.52000000E+00  .19572705E+01
  -.46000000E+00  .19432402E+01
  -.40000000E+00  .19291320E+01
  -.34000000E+00  .19149446E+01
  -.28000000E+00  .19006768E+01
  -.22000000E+00  .18863276E+01
  -.16000000E+00  .18718956E+01
  -.10000000E+00  .18573795E+01
  -.40000000E-01  .18427784E+01
   .20000000E-01  .18280906E+01
   .80000000E-01  .18133151E+01
   .14000000E+00  .17984504E+01
   .20000000E+00  .17834952E+01
   .26000000E+00  .17684479E+01
   .32000000E+00  .17533074E+01
   .38000000E+00  .17380719E+01
   .44000000E+00  .17227400E+01
   .50000000E+00  .17073103E+01
   .56000000E+00  .16917810E+01
   .62000000E+00  .16761506E+01
   .68000000E+00  .16604174E+01
   .74000000E+00  .16445797E+01
   .80000000E+00  .16286358E+01
   .86000000E+00  .16125838E+01
   .92000000E+00  .15964220E+01
   .98000000E+00  .15801485E+01
   .10400000E+01  .15637612E+01
   .11000000E+01  .15472584E+01
   .11600000E+01  .15306379E+01
   .12200000E+01  .15138976E+01
   .12800000E+01  .14970354E+01
   .13400000E+01  .14800491E+01
   .14000000E+01  .14629366E+01
   .14600000E+01  .14456954E+01
   .15200000E+01  .14283232E+01
   .15800000E+01  .14108175E+01
   .16400000E+01  .13931759E+01
   .17000000E+01  .13753957E+01
   .17600000E+01  .13574744E+01
   .18200000E+01  .13394092E+01
   .18800000E+01  .13211973E+01
   .19400000E+01  .13028358E+01
   .20000000E+01  .12843219E+01
