Pd : s1 d9                              
  .175971539E-01  .178629872E-01  .181328248E-01  .184067268E-01  .186847540E-01
  .189669684E-01  .192534327E-01  .195442107E-01  .198393669E-01  .201389669E-01
  .204430775E-01  .207517661E-01  .210651014E-01  .213831529E-01  .217059913E-01
  .220336884E-01  .223663168E-01  .227039504E-01  .230466641E-01  .233945341E-01
  .237476374E-01  .241060525E-01  .244698587E-01  .248391369E-01  .252139688E-01
  .255944375E-01  .259806274E-01  .263726240E-01  .267705142E-01  .271743861E-01
  .275843292E-01  .280004341E-01  .284227930E-01  .288514995E-01  .292866482E-01
  .297283355E-01  .301766591E-01  .306317182E-01  .310936132E-01  .315624464E-01
  .320383213E-01  .325213430E-01  .330116182E-01  .335092553E-01  .340143640E-01
  .345270559E-01  .350474441E-01  .355756434E-01  .361117704E-01  .366559432E-01
  .372082819E-01  .377689081E-01  .383379455E-01  .389155193E-01  .395017569E-01
  .400967873E-01  .407007414E-01  .413137524E-01  .419359549E-01  .425674859E-01
  .432084843E-01  .438590910E-01  .445194491E-01  .451897036E-01  .458700017E-01
  .465604931E-01  .472613291E-01  .479726637E-01  .486946531E-01  .494274555E-01
  .501712317E-01  .509261448E-01  .516923604E-01  .524700462E-01  .532593728E-01
  .540605129E-01  .548736420E-01  .556989381E-01  .565365817E-01  .573867562E-01
  .582496474E-01  .591254440E-01  .600143374E-01  .609165218E-01  .618321943E-01
  .627615548E-01  .637048063E-01  .646621544E-01  .656338081E-01  .666199792E-01
  .676208828E-01  .686367369E-01  .696677629E-01  .707141853E-01  .717762319E-01
  .728541338E-01  .739481257E-01  .750584452E-01  .761853340E-01  .773290368E-01
  .784898021E-01  .796678821E-01  .808635324E-01  .820770125E-01  .833085857E-01
  .845585190E-01  .858270835E-01  .871145538E-01  .884212090E-01  .897473320E-01
  .910932097E-01  .924591333E-01  .938453982E-01  .952523042E-01  .966801552E-01
  .981292596E-01  .995999303E-01  .101092485E+00  .102607245E+00  .104144538E+00
  .105704694E+00  .107288050E+00  .108894947E+00  .110525731E+00  .112180752E+00
  .113860368E+00  .115564938E+00  .117294829E+00  .119050412E+00  .120832066E+00
  .122640171E+00  .124475116E+00  .126337294E+00  .128227104E+00  .130144951E+00
  .132091246E+00  .134066404E+00  .136070849E+00  .138105009E+00  .140169319E+00
  .142264219E+00  .144390157E+00  .146547586E+00  .148736966E+00  .150958764E+00
  .153213453E+00  .155501513E+00  .157823431E+00  .160179701E+00  .162570824E+00
  .164997307E+00  .167459666E+00  .169958423E+00  .172494109E+00  .175067260E+00
  .177678422E+00  .180328148E+00  .183016999E+00  .185745542E+00  .188514355E+00
  .191324023E+00  .194175138E+00  .197068302E+00  .200004126E+00  .202983228E+00
  .206006234E+00  .209073782E+00  .212186517E+00  .215345092E+00  .218550172E+00
  .221802429E+00  .225102544E+00  .228451211E+00  .231849131E+00  .235297015E+00
  .238795584E+00  .242345569E+00  .245947714E+00  .249602769E+00  .253311497E+00
  .257074671E+00  .260893076E+00  .264767507E+00  .268698768E+00  .272687679E+00
  .276735067E+00  .280841772E+00  .285008647E+00  .289236554E+00  .293526371E+00
  .297878984E+00  .302295293E+00  .306776211E+00  .311322663E+00  .315935588E+00
  .320615936E+00  .325364670E+00  .330182769E+00  .335071222E+00  .340031035E+00
  .345063226E+00  .350168826E+00  .355348882E+00  .360604455E+00  .365936619E+00
  .371346465E+00  .376835097E+00  .382403636E+00  .388053216E+00  .393784988E+00
  .399600118E+00  .405499789E+00  .411485199E+00  .417557561E+00  .423718108E+00
  .429968086E+00  .436308761E+00  .442741413E+00  .449267343E+00  .455887865E+00
  .462604315E+00  .469418044E+00  .476330423E+00  .483342841E+00  .490456704E+00
  .497673440E+00  .504994493E+00  .512421328E+00  .519955430E+00  .527598301E+00
  .535351467E+00  .543216472E+00  .551194880E+00  .559288277E+00  .567498270E+00
  .575826487E+00  .584274576E+00  .592844210E+00  .601537081E+00  .610354906E+00
  .619299421E+00  .628372389E+00  .637575593E+00  .646910841E+00  .656379963E+00
  .665984815E+00  .675727276E+00  .685609250E+00  .695632665E+00  .705799474E+00
  .716111657E+00  .726571218E+00  .737180187E+00  .747940621E+00  .758854603E+00
  .769924243E+00  .781151677E+00  .792539071E+00  .804088617E+00  .815802534E+00
  .827683072E+00  .839732506E+00  .851953145E+00  .864347322E+00  .876917404E+00
  .889665785E+00  .902594890E+00  .915707175E+00  .929005127E+00  .942491264E+00
  .956168136E+00  .970038324E+00  .984104441E+00  .998369135E+00  .101283508E+01
  .102750500E+01  .104238163E+01  .105746776E+01  .107276619E+01  .108827978E+01
  .110401142E+01  .111996401E+01  .113614052E+01  .115254394E+01  .116917730E+01
  .118604365E+01  .120314611E+01  .122048781E+01  .123807193E+01  .125590169E+01
  .127398033E+01  .129231115E+01  .131089749E+01  .132974272E+01  .134885024E+01
  .136822352E+01  .138786604E+01  .140778135E+01  .142797301E+01  .144844465E+01
  .146919993E+01  .149024254E+01  .151157625E+01  .153320484E+01  .155513214E+01
  .157736203E+01  .159989844E+01  .162274534E+01  .164590673E+01  .166938668E+01
  .169318930E+01  .171731873E+01  .174177917E+01  .176657488E+01  .179171015E+01
  .181718931E+01  .184301676E+01  .186919695E+01  .189573435E+01  .192263351E+01
  .194989901E+01  .197753549E+01  .200554765E+01  .203394022E+01  .206271799E+01
  .209188581E+01  .212144856E+01  .215141121E+01  .218177875E+01  .221255623E+01
  .224374876E+01  .227536150E+01  .230739966E+01  .233986852E+01  .237277339E+01
  .240611966E+01  .243991276E+01  .247415817E+01  .250886146E+01  .254402821E+01
  .257966408E+01  .261577479E+01  .265236612E+01  .268944389E+01  .272701399E+01
  .276508237E+01  .280365502E+01  .284273801E+01  .288233747E+01  .292245956E+01
  .296311053E+01  .300429667E+01  .304602435E+01  .308829997E+01  .313113002E+01
  .317452102E+01  .321847959E+01  .326301236E+01  .330812606E+01  .335382747E+01
  .340012342E+01  .344702081E+01  .349452660E+01  .354264781E+01  .359139152E+01
  .364076488E+01  .369077508E+01  .374142938E+01  .379273512E+01  .384469967E+01
  .389733048E+01  .395063506E+01  .400462098E+01  .405929585E+01  .411466738E+01
  .417074331E+01  .422753144E+01  .428503965E+01  .434327585E+01  .440224805E+01
  .446196428E+01  .452243265E+01  .458366133E+01  .464565853E+01  .470843254E+01
  .477199170E+01  .483634439E+01  .490149908E+01  .496746426E+01  .503424851E+01
  .510186044E+01  .517030873E+01  .523960210E+01  .530974934E+01  .538075928E+01
  .545264081E+01  .552540286E+01  .559905444E+01  .567360456E+01  .574906234E+01
  .582543689E+01  .590273741E+01  .598097313E+01  .606015333E+01  .614028733E+01
  .622138449E+01  .630345422E+01  .638650597E+01  .647054923E+01  .655559354E+01
  .664164845E+01  .672872358E+01  .681682856E+01  .690597305E+01  .699616678E+01
  .708741948E+01  .717974090E+01  .727314085E+01  .736762914E+01  .746321561E+01
  .755991014E+01  .765772262E+01  .775666294E+01  .785674103E+01  .795796683E+01
  .806035030E+01  .816390139E+01  .826863009E+01  .837454636E+01  .848166019E+01
  .858998158E+01  .869952049E+01  .881028693E+01  .892229086E+01  .903554225E+01
  .915005107E+01  .926582725E+01  .938288074E+01  .950122144E+01  .962085923E+01
  .974180400E+01  .986406556E+01  .998765373E+01  .101125783E+02  .102388489E+02
  .103664754E+02  .104954673E+02  .106258343E+02  .107575859E+02  .108907315E+02
  .110252807E+02  .111612428E+02  .112986271E+02  .114374428E+02  .115776991E+02
  .117194051E+02  .118625697E+02  .120072019E+02  .121533104E+02  .123009041E+02
  .124499914E+02  .126005810E+02  .127526812E+02  .129063002E+02  .130614463E+02
  .132181274E+02  .133763516E+02  .135361264E+02  .136974596E+02  .138603586E+02
  .140248308E+02  .141908832E+02  .143585229E+02  .145277567E+02  .146985913E+02
  .148710330E+02  .150450882E+02  .152207630E+02  .153980632E+02  .155769945E+02
  .157575624E+02  .159397720E+02  .161236283E+02  .163091363E+02  .164963002E+02
  .166851245E+02  .168756131E+02  .170677698E+02  .172615981E+02  .174571012E+02
  .176542820E+02  .178531431E+02  .180536869E+02  .182559153E+02  .184598301E+02
  .186654326E+02  .188727239E+02  .190817046E+02  .192923752E+02  .195047356E+02
  .197187854E+02  .199345239E+02  .201519500E+02  .203710622E+02  .205918584E+02
  .208143365E+02  .210384936E+02  .212643266E+02  .214918319E+02  .217210054E+02
  .219518426E+02  .221843386E+02  .224184879E+02  .226542846E+02  .228917223E+02
  .231307942E+02  .233714927E+02  .236138100E+02  .238577376E+02  .241032665E+02
  .243503872E+02  .245990896E+02  .248493631E+02  .251011965E+02  .253545778E+02
  .256094949E+02  .258659345E+02  .261238832E+02  .263833268E+02  .266442503E+02
  .269066383E+02  .271704747E+02  .274357427E+02  .277024248E+02  .279705029E+02
  .282399582E+02  .285107712E+02  .287829217E+02  .290563889E+02  .293311511E+02
  .296071860E+02  .298844706E+02  .301629809E+02  .304426925E+02  .307235801E+02
  .310056175E+02  .312887781E+02  .315730340E+02  .318583571E+02  .321447180E+02
  .324320868E+02  .327204327E+02  .330097241E+02  .332999286E+02  .335910131E+02
  .338829434E+02  .341756846E+02  .344692012E+02  .347634564E+02  .350584130E+02
  .353540327E+02  .356502765E+02  .359471043E+02  .362444755E+02  .365423483E+02
  .368406804E+02  .371394283E+02  .374385478E+02  .377379939E+02  .380377207E+02
  .383376814E+02  .386378283E+02  .389381130E+02  .392384861E+02  .395388974E+02
  .398392959E+02  .401396298E+02  .404398463E+02  .407398920E+02  .410397123E+02
  .413392522E+02  .416384556E+02  .419372659E+02  .422356253E+02  .425334755E+02
  .428307574E+02  .431274111E+02  .434233758E+02  .437185902E+02  .440129922E+02
  .443065189E+02  .445991068E+02  .448906917E+02  .451812086E+02  .454705921E+02
  .457587759E+02  .460456934E+02  .463312770E+02  .466154590E+02  .468981707E+02
  .471793433E+02  .474589071E+02  .477367922E+02  .480129281E+02  .482872441E+02
  .485596687E+02  .488301304E+02  .490985572E+02  .493648769E+02  .496290169E+02
  .498909043E+02  .501504662E+02  .504076295E+02  .506623207E+02  .509144666E+02
  .511639935E+02  .514108281E+02  .516548968E+02  .518961262E+02  .521344430E+02
  .523697740E+02  .526020462E+02  .528311870E+02  .530571237E+02  .532797844E+02
  .534990972E+02  .537149908E+02  .539273944E+02  .541362376E+02  .543414508E+02
  .545429649E+02  .547407114E+02  .549346227E+02  .551246321E+02  .553106735E+02
  .554926819E+02  .556705933E+02  .558443447E+02  .560138741E+02  .561791208E+02
  .563400254E+02  .564965296E+02  .566485767E+02  .567961111E+02  .569390790E+02
  .570774280E+02  .572111074E+02  .573400681E+02  .574642629E+02  .575836462E+02
  .576981746E+02  .578078064E+02  .579125021E+02  .580122242E+02  .581069374E+02
  .581966087E+02  .582812075E+02  .583607052E+02  .584350762E+02  .585042969E+02
  .585683466E+02  .586272072E+02  .586808634E+02  .587293024E+02  .587725147E+02
  .588104933E+02  .588432346E+02  .588707376E+02  .588930049E+02  .589100419E+02
  .589218575E+02  .589284638E+02  .589298764E+02  .589261140E+02  .589171991E+02
  .589031576E+02  .588840192E+02  .588598168E+02  .588305875E+02  .587963717E+02
  .587572139E+02  .587131623E+02  .586642690E+02  .586105899E+02  .585521851E+02
  .584891183E+02  .584214575E+02  .583492746E+02  .582726456E+02  .581916507E+02
  .581063739E+02  .580169036E+02  .579233321E+02  .578257560E+02  .577242759E+02
  .576189966E+02  .575100271E+02  .573974803E+02  .572814734E+02  .571621276E+02
  .570395682E+02  .569139246E+02  .567853300E+02  .566539218E+02  .565198413E+02
  .563832336E+02  .562442476E+02  .561030362E+02  .559597558E+02  .558145666E+02
  .556676324E+02  .555191203E+02  .553692012E+02  .552180489E+02  .550658410E+02
  .549127577E+02  .547589826E+02  .546047021E+02  .544501055E+02  .542953848E+02
  .541407346E+02  .539863518E+02  .538324358E+02  .536791880E+02  .535268120E+02
  .533755130E+02  .532254982E+02  .530769761E+02  .529301567E+02  .527852511E+02
  .526424714E+02  .525020305E+02  .523641420E+02  .522290199E+02  .520968782E+02
  .519679311E+02  .518423927E+02  .517204763E+02  .516023948E+02  .514883601E+02
  .513785831E+02  .512732731E+02  .511726382E+02  .510768840E+02  .509862148E+02
  .509008318E+02  .508209340E+02  .507467176E+02  .506783753E+02  .506160967E+02
  .505600677E+02  .505104701E+02  .504674817E+02  .504312758E+02  .504020207E+02
  .503798801E+02  .503650121E+02  .503575693E+02  .503576985E+02  .503655404E+02
  .503812294E+02  .504048930E+02  .504366520E+02  .504766200E+02  .505249030E+02
  .505815996E+02  .506468002E+02  .507205871E+02  .508030340E+02  .508942061E+02
  .509941596E+02  .511029415E+02  .512205894E+02  .513471314E+02  .514825856E+02
  .516269604E+02  .517802537E+02  .519424532E+02  .521135358E+02  .522934679E+02
  .524822049E+02  .526796913E+02  .528858601E+02  .531006334E+02  .533239217E+02
  .535556240E+02  .537956277E+02  .540438088E+02  .543000311E+02  .545641472E+02
  .548359976E+02  .551154110E+02  .554022044E+02  .556961831E+02  .559971406E+02
  .563048586E+02  .566191075E+02  .569396458E+02  .572662210E+02  .575985691E+02
  .579364149E+02  .582794722E+02  .586274443E+02  .589800236E+02  .593368923E+02
  .596977222E+02  .600621755E+02  .604299047E+02  .608005530E+02  .611737544E+02
  .615491345E+02  .619263104E+02  .623048914E+02  .626844791E+02  .630646680E+02
  .634450460E+02  .638251947E+02  .642046896E+02  .645831012E+02  .649599950E+02
  .653349324E+02  .657074707E+02  .660771642E+02  .664435645E+02  .668062210E+02
  .671646817E+02  .675184937E+02  .678672038E+02  .682103591E+02  .685475079E+02
  .688782000E+02  .692019877E+02  .695184260E+02  .698270739E+02  .701274947E+02
  .704192566E+02  .707019338E+02  .709751070E+02  .712383639E+02  .714913002E+02
  .717335203E+02  .719646379E+02  .721842767E+02  .723920712E+02  .725876672E+02
  .727707230E+02  .729409094E+02  .730979109E+02  .732414263E+02  .733711690E+02
  .734868681E+02  .735882690E+02  .736751336E+02  .737472414E+02  .738043897E+02
  .738463945E+02  .738730909E+02  .738843337E+02  .738799975E+02  .738599778E+02
  .738241912E+02  .737725756E+02  .737050908E+02  .736217191E+02  .735224651E+02
  .734073564E+02  .732764438E+02  .731298013E+02  .729675267E+02  .727897413E+02
  .725965906E+02  .723882436E+02  .721648935E+02  .719267575E+02  .716740767E+02
  .714071157E+02  .711261633E+02  .708315315E+02  .705235555E+02  .702025938E+02
  .698690272E+02  .695232593E+02  .691657151E+02  .687968415E+02  .684171061E+02
  .680269969E+02  .676270218E+02  .672177077E+02  .667996002E+02  .663732623E+02
  .659392742E+02  .654982321E+02  .650507475E+02  .645974461E+02  .641389670E+02
  .636759618E+02  .632090933E+02  .627390347E+02  .622664681E+02  .617920839E+02
  .613165791E+02  .608406566E+02  .603650234E+02  .598903897E+02  .594174678E+02
  .589469701E+02  .584796086E+02  .580160928E+02  .575571289E+02  .571034183E+02
  .566556557E+02  .562145287E+02  .557807154E+02  .553548835E+02  .549376891E+02
  .545297747E+02  .541317685E+02  .537442824E+02  .533679112E+02  .530032307E+02
  .526507971E+02  .523111448E+02  .519847860E+02  .516722089E+02  .513738768E+02
  .510902267E+02  .508216682E+02  .505685827E+02  .503313221E+02  .501102078E+02
  .499055297E+02  .497175457E+02  .495464805E+02  .493925248E+02  .492558348E+02
  .491365316E+02  .490347002E+02  .489503895E+02  .488836117E+02  .488343416E+02
  .488025169E+02  .487880372E+02  .487907649E+02  .488105240E+02  .488471011E+02
  .489002448E+02  .489696664E+02  .490550397E+02  .491560017E+02  .492721529E+02
  .494030580E+02  .495482462E+02  .497072124E+02  .498794177E+02  .500642904E+02
  .502612271E+02  .504695938E+02  .506887271E+02  .509179355E+02  .511565007E+02
  .514036792E+02  .516587034E+02  .519207836E+02  .521891092E+02  .524628504E+02
  .527411603E+02  .530231760E+02  .533080207E+02  .535948054E+02  .538826310E+02
  .541705899E+02  .544577680E+02  .547432467E+02  .550261049E+02  .553054208E+02
  .555802741E+02  .558497479E+02  .561129308E+02  .563689187E+02  .566168173E+02
  .568557432E+02  .570848271E+02  .573032144E+02  .575100684E+02  .577045713E+02
  .578859266E+02  .580533607E+02  .582061247E+02  .583434964E+02  .584647817E+02
  .585693164E+02  .586564678E+02  .587256360E+02  .587762557E+02  .588077972E+02
  .588197677E+02  .588117128E+02  .587832171E+02  .587339056E+02  .586634445E+02
  .585715415E+02  .584579475E+02  .583224561E+02  .581649048E+02  .579851751E+02
  .577831928E+02  .575589283E+02  .573123965E+02  .570436569E+02  .567528133E+02
  .564400138E+02  .561054501E+02  .557493576E+02  .553720141E+02  .549737399E+02
  .545548965E+02  .541158861E+02  .536571503E+02  .531791696E+02  .526824617E+02
  .521675808E+02  .516351157E+02  .510856893E+02  .505199561E+02  .499386018E+02
  .493423405E+02  .487319143E+02  .481080904E+02  .474716605E+02  .468234376E+02
  .461642558E+02  .454949666E+02  .448164386E+02  .441295542E+02  .434352085E+02
  .427343066E+02  .420277624E+02  .413164953E+02  .406014296E+02  .398834909E+02
  .391636057E+02  .384426976E+02  .377216869E+02  .370014872E+02  .362830046E+02
  .355671344E+02  .348547611E+02  .341467540E+02  .334439680E+02  .327472395E+02
  .320573866E+02  .313752056E+02  .307014712E+02  .300369333E+02  .293823170E+02
  .287383197E+02  .281056116E+02  .274848322E+02  .268765916E+02  .262814672E+02
  .257000044E+02  .251327145E+02  .245800752E+02  .240425282E+02  .235204804E+02
  .230143018E+02  .225243265E+02  .220508511E+02  .215941357E+02  .211544025E+02
  .207318373E+02  .203265877E+02  .199387653E+02  .195684443E+02  .192156628E+02
  .188804227E+02  .185626907E+02  .182623983E+02  .179794432E+02  .177136890E+02
  .174649673E+02  .172330772E+02  .170177874E+02  .168188363E+02  .166359334E+02
  .164687603E+02  .163169719E+02  .161801970E+02  .160580404E+02  .159500832E+02
  .158558845E+02  .157749827E+02  .157068965E+02  .156511267E+02  .156071573E+02
  .155744572E+02  .155524815E+02  .155406733E+02  .155384649E+02  .155452801E+02
  .155605351E+02  .155836407E+02  .156140034E+02  .156510279E+02  .156941179E+02
  .157426784E+02  .157961170E+02  .158538458E+02  .159152827E+02  .159798529E+02
  .160469901E+02  .161161381E+02  .161867510E+02  .162582957E+02  .163302510E+02
  .164021104E+02  .164733814E+02  .165435875E+02  .166122679E+02  .166789791E+02
  .167432948E+02  .168048074E+02  .168631274E+02  .169178849E+02  .169687295E+02
  .170153312E+02  .170573798E+02  .170945865E+02  .171266830E+02  .171534223E+02
  .171745785E+02  .171899472E+02  .171993446E+02  .172026089E+02  .171995984E+02
  .171901928E+02  .171742916E+02  .171518150E+02  .171227023E+02  .170869128E+02
  .170444236E+02  .169952311E+02  .169393485E+02  .168768066E+02  .168076523E+02
  .167319488E+02  .166497738E+02  .165612199E+02  .164663930E+02  .163654124E+02
  .162584091E+02  .161455260E+02  .160269163E+02  .159027435E+02  .157731797E+02
  .156384059E+02  .154986103E+02  .153539881E+02  .152047406E+02  .150510744E+02
  .148932006E+02  .147313343E+02  .145656937E+02  .143964996E+02  .142239745E+02
  .140483423E+02  .138698271E+02  .136886535E+02  .135050450E+02  .133192243E+02
  .131314123E+02  .129418278E+02  .127506868E+02  .125582025E+02  .123645844E+02
  .121700382E+02  .119747655E+02  .117789630E+02  .115828231E+02  .113865324E+02
  .111902727E+02  .109942198E+02  .107985439E+02  .106034090E+02  .104089733E+02
  .102153885E+02  .100228001E+02  .983134693E+01  .964116164E+01  .945237015E+01
  .926509197E+01  .907943997E+01  .889552061E+01  .871343379E+01  .853327307E+01
  .835512556E+01  .817907221E+01  .800518771E+01  .783354076E+01  .766419405E+01
  .749720454E+01  .733262342E+01  .717049643E+01  .701086380E+01  .685376053E+01
  .669921676E+01  .654725728E+01  .639790278E+01  .625116906E+01  .610706773E+01
  .596560624E+01  .582678810E+01  .569061304E+01  .555707722E+01  .542617336E+01
  .529789107E+01  .517221683E+01  .504913434E+01  .492862457E+01  .481066609E+01
  .469523505E+01  .458230555E+01  .447184957E+01  .436383744E+01  .425823765E+01
  .415501732E+01  .405414204E+01  .395557637E+01  .385928358E+01  .376522614E+01
  .367336555E+01  .358366274E+01  .349607791E+01  .341057090E+01  .332710101E+01
  .324562747E+01  .316610910E+01  .308850482E+01  .301277335E+01  .293887367E+01
  .286676471E+01  .279640577E+01  .272775626E+01  .266077611E+01  .259542543E+01
  .253166496E+01  .246945572E+01  .240875947E+01  .234953832E+01  .229175518E+01
  .223537335E+01  .218035705E+01  .212667092E+01  .207428050E+01  .202315185E+01
  .197325198E+01  .192454840E+01  .187700959E+01  .183060457E+01  .178530334E+01
  .174107642E+01  .169789534E+01  .165573214E+01  .161455986E+01  .157435204E+01
  .153508322E+01  .149672841E+01  .145926363E+01  .142266534E+01  .138691094E+01
  .135197831E+01  .131784626E+01  .128449399E+01  .125190162E+01  .122004965E+01
  .118891948E+01  .115849285E+01  .112875235E+01  .109968088E+01  .107126218E+01
  .104348028E+01  .101631998E+01  .989766337E+00  .963805193E+00  .938422574E+00
  .913605259E+00  .889340200E+00  .865615067E+00  .842417662E+00  .819736469E+00
  .797560086E+00  .775877772E+00  .754678852E+00  .733953281E+00  .713691065E+00
  .693882833E+00  .674519258E+00  .655591410E+00  .637090623E+00  .619008505E+00
  .601336911E+00  .584067953E+00  .567193947E+00  .550707464E+00  .534601244E+00
  .518868264E+00  .503501652E+00  .488494751E+00  .473841033E+00  .459534169E+00
  .445567941E+00  .431936312E+00  .418633340E+00  .405653245E+00  .392990327E+00
  .380639038E+00  .368593891E+00  .356849537E+00  .345400683E+00  .334242141E+00
  .323368795E+00  .312775606E+00  .302457602E+00  .292409876E+00  .282627581E+00
  .273105925E+00  .263840170E+00  .254825626E+00  .246057650E+00  .237531642E+00
  .229243042E+00  .221187329E+00  .213360020E+00  .205756666E+00  .198372854E+00
  .191204200E+00  .184246355E+00  .177495002E+00  .170945853E+00  .164594651E+00
  .158437172E+00  .152469219E+00  .146686630E+00  .141085273E+00  .135661048E+00
  .130409888E+00  .125327762E+00  .120410671E+00  .115654653E+00  .111055784E+00
  .106610175E+00  .102313980E+00  .981633921E-01  .941546448E-01  .902840165E-01
  .865478294E-01  .829424516E-01  .794642982E-01  .761098328E-01  .728755685E-01
  .697580693E-01  .667539517E-01  .638598850E-01  .610725934E-01  .583888565E-01
  .558055104E-01  .533194489E-01  .509276244E-01  .486270486E-01  .464147935E-01
  .442879921E-01  .422438392E-01  .402795919E-01  .383925703E-01  .365801584E-01
  .348398042E-01  .331690204E-01  .315653849E-01  .300265413E-01  .285501995E-01
  .271341361E-01  .257761946E-01  .244742865E-01  .232263913E-01  .220305571E-01
  .208849011E-01  .197876100E-01  .187369402E-01  .177312180E-01  .167688390E-01
  .158482684E-01  .149680390E-01  .141267504E-01  .133230666E-01  .125557131E-01
  .118234733E-01  .111251838E-01  .104597302E-01  .982604057E-02  .922308063E-02
  .864984729E-02  .810536316E-02  .758867132E-02  .709883068E-02  .663491212E-02
  .619599552E-02  .578116774E-02  .538952143E-02  .502015465E-02  .467217130E-02
  .434468203E-02  .403680563E-02  .374767081E-02  .347641809E-02  .322220184E-02
  .298419227E-02  .276157742E-02  .255356495E-02  .235938374E-02  .217828538E-02
  .200954535E-02  .185246403E-02  .170636743E-02  .157060778E-02  .144456386E-02
  .132764116E-02  .121927183E-02  .111891458E-02  .102605431E-02  .940201703E-03
  .860892700E-03  .787687879E-03  .720171771E-03  .657952109E-03  .600659046E-03
  .547944328E-03  .499480450E-03  .454959796E-03  .414093768E-03  .376611926E-03
  .342261119E-03  .310804641E-03  .282021393E-03  .255705068E-03  .231663351E-03
  .209717154E-03  .189699862E-03  .171456615E-03  .154843616E-03  .139727464E-03
  .125984518E-03  .113500287E-03  .102168851E-03  .918923074E-04  .825802479E-04
  .741492577E-04  .665224456E-04  .596289974E-04  .534037543E-04  .477868157E-04
  .427231644E-04  .381623147E-04  .340579811E-04  .303677679E-04  .270528779E-04
  .240778395E-04  .214102524E-04  .190205486E-04  .168817706E-04  .149693640E-04
  .132609846E-04  .117363189E-04  .103769174E-04  .916603990E-05  .808851189E-05
  .713059173E-05  .627984771E-05  .552504447E-05  .485603807E-05  .426367933E-05
  .373972476E-05  .327675435E-05  .286809698E-05  .250775963E-05  .219036627E-05
  .191109710E-05  .166563792E-05  .145012982E-05  .126112575E-05  .109554932E-05
  .950658205E-06  .824010593E-06  .713434458E-06  .617002503E-06  .532995530E-06
  .459914882E-06  .396388069E-06  .341250850E-06  .293427616E-06  .251998669E-06
  .216153082E-06  .185176729E-06  .158441522E-06  .135395744E-06  .115555383E-06
  .984963708E-07  .838476360E-07  .712849089E-07  .605251885E-07  .513218180E-07
  .434601035E-07  .367534232E-07  .310397763E-07  .261787261E-07  .220486967E-07
  .185445857E-07  .155756583E-07  .130636932E-07  .109413524E-07  .915074919E-08
  .764219307E-08  .637309102E-08  .530698684E-08  .441272276E-08  .366370875E-08
  .303728669E-08  .251417796E-08  .207800419E-08  .171487214E-08  .141301476E-08
  .116248118E-08  .954869578E-09  .783097151E-09  .641202506E-09  .524176119E-09
  .427815123E-09  .348599127E-09  .283584215E-09  .230312596E-09  .186735741E-09
  .151149082E-09  .122136658E-09  .985242403E-10  .793397350E-10  .637797747E-10
  .511815867E-10  .409993466E-10  .327843363E-10  .261683249E-10  .208496735E-10
  .165817399E-10  .131632182E-10  .104301078E-10  .824904707E-11  .651179202E-11
  .513065068E-11  .403471567E-11  .316676116E-11  .248069198E-11  .193945071E-11
  .151330401E-11  .117844212E-11  .915836644E-12  .710310860E-12  .549784521E-12
  .424661662E-12  .327335358E-12  .251787904E-12  .193268729E-12  .148035457E-12
  .113146188E-12  .862932159E-13  .656702084E-13  .498663472E-13  .377821341E-13
  .285625821E-13  .215443165E-13  .162137850E-13  .121743176E-13  .912022203E-14
  .681645745E-14  .508272348E-14  .378103342E-14  .280603188E-14  .207746850E-14
  .153436151E-14  .113048270E-14  .830872973E-15  .609159842E-15  .445497418E-15
  .324988290E-15  .236477627E-15  .171634026E-15  .124250687E-15  .897154628E-16
  .646100155E-16  .464074070E-16  .332445513E-16  .237514479E-16  .169233680E-16
  .120254456E-16  .852165073E-17  .602205726E-17  .424380068E-17  .298225169E-17
  .208979180E-17  .146023002E-17  .101739380E-17  .706799796E-18  .489590673E-18
  .338134154E-18  .232837989E-18  .159851665E-18  .109412907E-18  .746616328E-19
  .507917666E-19  .344465201E-19  .232885687E-19  .156954860E-19  .105446046E-19
  .706152223E-20  .471376276E-20  .313636961E-20  .208001062E-20  .137490045E-20
  .905801083E-21  .594755814E-21  .389203866E-21  .253826170E-21  .164969847E-21
  .106848810E-21  .689635622E-22  .443549801E-22  .284266401E-22  .181533487E-22
  .115511063E-22  .732341187E-23  .462608623E-23  .291146522E-23  .182555213E-23
  .114037753E-23  .709678691E-24  .439967304E-24  .271713538E-24  .167155626E-24
  .102432097E-24  .625234400E-25  .380126097E-25  .230184832E-25  .138827650E-25
  .833895153E-26  .498848845E-26  .297190048E-26  .176316490E-26  .104167077E-26
  .612819076E-27  .358991025E-27  .209396571E-27  .121611663E-27  .703210713E-28
  .404841575E-28  .232037818E-28  .132400924E-28  .752083843E-29  .425273958E-29
  .239377195E-29  .134119601E-29  .747964770E-30  .415176940E-30  .229367643E-30
  .126113463E-30  .690088067E-31  .375789471E-31  .203640827E-31  .109811605E-31
  .589220202E-32  .314583355E-32  .167111046E-32  .883218837E-33  .464416394E-33
  .242943329E-33  .126427821E-33  .654489141E-34  .337028083E-34  .172629565E-34
  .879490491E-35  .445651428E-35  .224589158E-35  .112562207E-35  .561031941E-36
  .278070200E-36  .137048323E-36  .671623386E-37  .327258499E-37  .158543768E-37
  .763625564E-38  .365649129E-38  .174052808E-38  .823586792E-39  .387372548E-39
  .181100043E-39  .841506485E-40  .388619302E-40  .178360170E-40  .813497926E-41
  .368704443E-41  .166051099E-41  .743061135E-42  .330372977E-42  .145934934E-42
  .640421957E-43  .279191769E-43  .120905352E-43  .520082039E-44  .222207294E-44
  .942934278E-45  .397390560E-45  .166319377E-45  .691247085E-46  .285275674E-46
  .116899524E-46  .475611938E-47  .192114432E-47  .770388019E-48  .306673460E-48
  .121181039E-48  .475290829E-49  .185022588E-49  .714833189E-50  .274077376E-50
  .104280686E-50  .393704398E-51  .147484247E-51  .548154599E-52  .202122850E-52
  .739358963E-53  .268284351E-53  .965622933E-54  .344718253E-54  .122050436E-54
  .428554274E-55  .149226436E-55  .515331347E-56  .176514211E-56  .600075456E-57
  .203227520E-57  .688473569E-58  .239837928E-58  .901375318E-59  .424186870E-59
  .319622965E-59  .000000000E+00  .000000000E+00  .000000000E+00  .000000000E+00
  .000000000E+00  .000000000E+00  .000000000E+00  .000000000E+00  .000000000E+00
  .000000000E+00  .000000000E+00  .000000000E+00  .000000000E+00  .000000000E+00
  .000000000E+00  .000000000E+00  .000000000E+00  .000000000E+00  .000000000E+00
  .000000000E+00  .000000000E+00  .000000000E+00  .000000000E+00  .000000000E+00
  .000000000E+00  .000000000E+00  .000000000E+00  .000000000E+00  .000000000E+00
  .000000000E+00  .000000000E+00  .000000000E+00  .000000000E+00  .000000000E+00
  .000000000E+00  .000000000E+00  .000000000E+00  .000000000E+00  .000000000E+00
  .000000000E+00  .000000000E+00  .000000000E+00  .000000000E+00  .000000000E+00
  .000000000E+00  .000000000E+00  .000000000E+00  .000000000E+00  .000000000E+00
  .000000000E+00  .000000000E+00  .000000000E+00  .000000000E+00  .000000000E+00
  .000000000E+00  .000000000E+00  .000000000E+00  .000000000E+00  .000000000E+00
  .000000000E+00  .000000000E+00  .000000000E+00  .000000000E+00  .000000000E+00
  .000000000E+00  .000000000E+00  .000000000E+00  .000000000E+00  .000000000E+00
  .000000000E+00  .000000000E+00  .000000000E+00  .000000000E+00  .000000000E+00
  .000000000E+00  .000000000E+00  .000000000E+00  .000000000E+00  .000000000E+00
  .000000000E+00  .000000000E+00  .000000000E+00  .000000000E+00  .000000000E+00
  .000000000E+00  .000000000E+00  .000000000E+00  .000000000E+00  .000000000E+00
  .000000000E+00  .000000000E+00  .000000000E+00  .000000000E+00  .000000000E+00
  .000000000E+00  .000000000E+00  .000000000E+00  .000000000E+00  .000000000E+00
  .000000000E+00  .000000000E+00  .000000000E+00  .000000000E+00  .000000000E+00
  .000000000E+00  .000000000E+00  .000000000E+00  .000000000E+00  .000000000E+00
  .000000000E+00  .000000000E+00  .000000000E+00  .000000000E+00  .000000000E+00
  .000000000E+00  .000000000E+00  .000000000E+00  .000000000E+00  .000000000E+00
  .000000000E+00  .000000000E+00  .000000000E+00  .000000000E+00  .000000000E+00
  .000000000E+00  .000000000E+00  .000000000E+00  .000000000E+00  .000000000E+00
  .000000000E+00  .000000000E+00  .000000000E+00  .000000000E+00  .000000000E+00
  .000000000E+00  .000000000E+00  .000000000E+00  .000000000E+00  .000000000E+00
  .000000000E+00  .000000000E+00  .000000000E+00  .000000000E+00  .000000000E+00
  .000000000E+00  .000000000E+00  .000000000E+00  .000000000E+00  .000000000E+00
  .000000000E+00  .000000000E+00  .000000000E+00  .000000000E+00  .000000000E+00
  .000000000E+00  .000000000E+00  .000000000E+00  .000000000E+00  .000000000E+00
  .000000000E+00  .000000000E+00  .000000000E+00  .000000000E+00  .000000000E+00
  .000000000E+00  .000000000E+00  .000000000E+00  .000000000E+00  .000000000E+00
  .000000000E+00  .000000000E+00  .000000000E+00  .000000000E+00  .000000000E+00
  .000000000E+00  .000000000E+00  .000000000E+00  .000000000E+00  .000000000E+00
  .000000000E+00  .000000000E+00  .000000000E+00  .000000000E+00  .000000000E+00
  .000000000E+00  .000000000E+00  .000000000E+00  .000000000E+00  .000000000E+00
  .000000000E+00  .000000000E+00  .000000000E+00  .000000000E+00  .000000000E+00
  .000000000E+00  .000000000E+00  .000000000E+00  .000000000E+00  .000000000E+00
  .000000000E+00  .000000000E+00  .000000000E+00  .000000000E+00  .000000000E+00
  .000000000E+00  .000000000E+00  .000000000E+00  .000000000E+00  .000000000E+00
  .000000000E+00  .000000000E+00  .000000000E+00  .000000000E+00  .000000000E+00
  .000000000E+00  .000000000E+00  .000000000E+00  .000000000E+00  .000000000E+00
  .000000000E+00  .000000000E+00  .000000000E+00  .000000000E+00  .000000000E+00
  .000000000E+00  .000000000E+00  .000000000E+00  .000000000E+00  .000000000E+00
  .000000000E+00  .000000000E+00  .000000000E+00  .000000000E+00  .000000000E+00
  .000000000E+00  .000000000E+00  .000000000E+00  .000000000E+00  .000000000E+00
  .000000000E+00  .000000000E+00  .000000000E+00  .000000000E+00  .000000000E+00
  .000000000E+00  .000000000E+00  .000000000E+00  .000000000E+00  .000000000E+00
