    2    5    3
  63.546   1.000
    5    1  0.1000  0.0000  0.0000
 -0.000042  -0.000002  -0.000005
  0.000029  -0.000002   0.000004
 -0.001769  -0.000001   0.000014
  0.362759   0.000007  -0.000013
 -0.360976  -0.000003   0.000001
    5    2  0.0000  0.1000  0.0000
 -0.000000  -0.000076  -0.000004
 -0.000000  -0.000005  -0.000006
  0.000000  -0.001797  -0.000030
  0.000000   0.362793  -0.007534
 -0.000000  -0.360915   0.007575
    5    3  0.0000  0.0000  0.1000
 -0.000000  -0.000000  -0.001955
  0.000000   0.000000  -0.000916
  0.000000   0.000000   0.053750
  0.000000   0.000000   0.372395
 -0.000000  -0.000000  -0.423274
