Pd : s1 d9                              
   12  46.   .002000 106.42000 125.   .50E-05 .100  200F91 36.00000
   .7  1.0   0
  1.0   .0   .5-1763.9804 2.0000
  2.0   .0   .5 -258.2043 2.0000
  2.0  1.0  1.5 -231.8866 6.0000
  3.0   .0   .5  -46.7859 2.0000
  3.0  1.0  1.5  -38.0817 6.0000
  3.0  2.0  2.5  -24.180710.0000
  4.0   .0   .5   -6.4896 2.0000
  4.0  1.0  1.5   -3.9943 6.0000
  4.0  2.0  2.5    -.4978 9.0000
  5.0   .0   .5    -.3227 1.0000
  5.0  1.0   .5    -.1000  .0000
  4.0  3.0  2.5    -.1000  .0000
