    2    5    3
  63.546   1.000
    5    1  0.1000  0.0000  0.0000
  0.000234   0.000001   0.000019
  0.000340   0.000001   0.000011
  0.006269   0.000001  -0.000047
  0.350592   0.000003   0.000039
 -0.357435  -0.000006  -0.000023
    5    2  0.0000  0.1000  0.0000
 -0.000000   0.000198   0.000019
 -0.000000   0.000304   0.000005
  0.000000   0.006237   0.000046
 -0.000000   0.350636   0.007514
 -0.000000  -0.357374  -0.007585
    5    3  0.0000  0.0000  0.1000
  0.000000  -0.000000  -0.003289
  0.000000  -0.000000  -0.001921
 -0.000000  -0.000000   0.057989
  0.000000   0.000000   0.368662
 -0.000000  -0.000000  -0.421442
